gmc,0,[0],0.7229456,0.5799241725628616,0.7817813740075222,0.7823204419889502
gmc,0,[1],0.8275353,0.2545701162263854,0.691583190473835,0.6613259668508288
gmc,0,[2],0.8464938,0.27620858040270163,0.6758523740313971,0.664364640883978
gmc,0,[0, 1, 2],0.62577355,0.6684571802887143,0.7943565471467419,0.793646408839779
gmc,0,[0, 1],0.7027436,0.5716852021728611,0.7818034217336676,0.7756906077348066
gmc,0,[1, 2],0.8064936,0.30513917970629734,0.7102804479600358,0.6842541436464088
gmc,0,[0, 2],0.69547224,0.5690106423535167,0.7793200824077747,0.775414364640884
mmix_im_20,0,[0],0.70903075,0.6199455904605523,0.7902040691667452,0.7892265193370166
mmix_im_20,0,[1],0.825614,0.24904949368216164,0.6577416213707697,0.649171270718232
mmix_im_05,0,[0],0.68457043,0.6238574408469364,0.7897536068075148,0.788121546961326
mmix_im_01,0,[0],0.68982637,0.6175661277091182,0.7957108251452705,0.793646408839779
mmix_im_10,0,[0],0.7143159,0.6307244298740515,0.7984458082830282,0.7994475138121547
mmix_im_20,0,[2],0.8290152,0.29168635981049623,0.6689941011608094,0.6569060773480663
mmix_im_05,0,[1],0.82165736,0.2626283155158624,0.6767115635402547,0.6591160220994475
mmix_im_01,0,[1],0.8197036,0.25146079119452336,0.6844118105723833,0.6582872928176795
mmix_im_10,0,[1],0.8332529,0.2527188427167036,0.681671041545992,0.6596685082872928
mmix_im_20,0,[0, 1, 2],0.6878336,0.6109798598973788,0.7882015432033718,0.7806629834254144
mmix_im_05,0,[2],0.84261423,0.27062269618951373,0.638235234398504,0.6370165745856353
mmix_im_01,0,[2],0.84033394,0.25900964780893077,0.6484809012053755,0.6447513812154696
mmix_im_10,0,[2],0.85845333,0.29964719051389355,0.6497404515572986,0.6466850828729281
mmix_im_20,0,[0, 1],0.67179847,0.6215258983180989,0.7885976433518733,0.7845303867403315
mmix_im_05,0,[0, 1, 2],0.6963976,0.5911140268451671,0.7821631340864056,0.775414364640884
mmix_im_01,0,[0, 1, 2],0.69732124,0.5961579779546159,0.7802375889690285,0.7707182320441989
mmix_im_10,0,[0, 1, 2],0.6851587,0.6009759813941719,0.7791420782759225,0.773756906077348
mmix_im_20,0,[1, 2],0.79663104,0.32260879183303626,0.6925995158735871,0.6770718232044199
mmix_im_05,0,[0, 1],0.6803228,0.6086850772613112,0.78634984448728,0.7790055248618785
mmix_im_01,0,[0, 1],0.6812756,0.6100420355565849,0.7874411508137402,0.7790055248618785
mmix_im_10,0,[0, 1],0.6696748,0.619894654059835,0.788448943430209,0.7845303867403315
mmix_im_20,0,[0, 2],0.6677326,0.6239745487700731,0.7962619415403953,0.7911602209944751
mmix_im_05,0,[1, 2],0.7949926,0.3187279799097029,0.6764582293893356,0.6668508287292818
mmix_im_01,0,[1, 2],0.79714197,0.3041895967340456,0.6880687070956394,0.6726519337016574
mmix_im_10,0,[1, 2],0.80032754,0.3291006530758982,0.6855324993239643,0.6732044198895027
mmix_20,0,[0],0.70903075,0.6199455904605523,0.7902040691667452,0.7892265193370166
mmix_im_05,0,[0, 2],0.66677994,0.6117731499891088,0.7846834382971024,0.7817679558011049
mmix_im_01,0,[0, 2],0.66900855,0.6112448660735541,0.7834541317216479,0.7787292817679557
mmix_im_10,0,[0, 2],0.66026527,0.6206718974775909,0.7854737830423336,0.7845303867403315
mmix_20,0,[1],0.825614,0.24904949368216164,0.6577416213707697,0.649171270718232
mmix_05,0,[0],0.68457043,0.6238574408469364,0.7897536068075148,0.788121546961326
mmix_01,0,[0],0.68982637,0.6175661277091182,0.7957108251452705,0.793646408839779
mmix_10,0,[0],0.7143159,0.6307244298740515,0.7984458082830282,0.7994475138121547
mmix_20,0,[2],0.8290152,0.29168635981049623,0.6689941011608094,0.6569060773480663
mmix_05,0,[1],0.82165736,0.2626283155158624,0.6767115635402547,0.6591160220994475
mmix_01,0,[1],0.8197036,0.25146079119452336,0.6844118105723833,0.6582872928176795
mmix_10,0,[1],0.8332529,0.2527188427167036,0.681671041545992,0.6596685082872928
mmix_20,0,[0, 1, 2],0.67601734,0.6525168981739091,0.8150774778426574,0.81353591160221
mmix_05,0,[2],0.84261423,0.27062269618951373,0.638235234398504,0.6370165745856353
mmix_01,0,[2],0.84033394,0.25900964780893077,0.6484809012053755,0.6447513812154696
mmix_10,0,[2],0.85845333,0.29964719051389355,0.6497404515572986,0.6466850828729281
mmix_20,0,[0, 1],0.67179847,0.6215258983180989,0.7885976433518733,0.7845303867403315
mmix_05,0,[0, 1, 2],0.6294586,0.6593795611795827,0.8079447672322903,0.8085635359116022
mmix_01,0,[0, 1, 2],0.646967,0.6648926109653215,0.8166169008529691,0.8151933701657459
mmix_10,0,[0, 1, 2],0.669688,0.6579261697789575,0.8002456189334143,0.7986187845303867
mmix_20,0,[1, 2],0.79663104,0.32260879183303626,0.6925995158735871,0.6770718232044199
mmix_05,0,[0, 1],0.6803228,0.6086850772613112,0.78634984448728,0.7790055248618785
mmix_01,0,[0, 1],0.6812756,0.6100420355565849,0.7874411508137402,0.7790055248618785
mmix_10,0,[0, 1],0.6696748,0.619894654059835,0.788448943430209,0.7845303867403315
mmix_20,0,[0, 2],0.6677326,0.6239745487700731,0.7962619415403953,0.7911602209944751
mmix_05,0,[1, 2],0.7949926,0.3187279799097029,0.6764582293893356,0.6668508287292818
mmix_01,0,[1, 2],0.79714197,0.3041895967340456,0.6880687070956394,0.6726519337016574
mmix_10,0,[1, 2],0.80032754,0.3291006530758982,0.6855324993239643,0.6732044198895027
mmix_05,0,[0, 2],0.66677994,0.6117731499891088,0.7846834382971024,0.7817679558011049
mmix_01,0,[0, 2],0.66900855,0.6112448660735541,0.7834541317216479,0.7787292817679557
mmix_10,0,[0, 2],0.66026527,0.6206718974775909,0.7854737830423336,0.7845303867403315
