mmix_0.0_0.0,0,[0, 1, 2],0.81777215,0.1931981811451324,0.7360269237886279,0.6320441988950276
mmix_0.1_0.0_0.0_0.3_1.0_pos,0,[0, 1, 2],nan,nan,0.541792547834844,0.3715469613259669
mmix_0.1_0.0_0.0_0.3_1.0_pos,0,[0, 1, 2],nan,nan,0.541792547834844,0.3715469613259669
mmix_0.1_0.0_0.0_0.3_1.0_pos,0,[0],nan,nan,0.541792547834844,0.3715469613259669
mmix_0.1_0.0_0.0_0.3_1.0_pos,0,[1],nan,nan,0.541792547834844,0.3715469613259669
mmix_0.1_0.0_0.0_0.3_1.0_pos,0,[2],nan,nan,0.541792547834844,0.3715469613259669
mmix_0.1_0.0_0.0_0.3_1.0_pos,0,[0, 1],nan,nan,0.541792547834844,0.3715469613259669
mmix_0.1_0.0_0.0_0.3_1.0_pos,0,[0, 2],nan,nan,0.541792547834844,0.3715469613259669
mmix_0.1_0.0_0.0_0.3_1.0_pos,0,[1, 2],nan,nan,0.541792547834844,0.3715469613259669
mmix_0.1_0.1_0.3_0.2_1.0_pos,0,[0, 1, 2],nan,nan,0.541792547834844,0.3715469613259669
mmix_0.1_0.1_0.3_0.2_1.0_pos,0,[0],nan,nan,0.541792547834844,0.3715469613259669
mmix_0.1_0.1_0.3_0.2_1.0_pos,0,[1],nan,nan,0.541792547834844,0.3715469613259669
mmix_0.1_0.1_0.3_0.2_1.0_pos,0,[2],nan,nan,0.541792547834844,0.3715469613259669
mmix_0.1_0.1_0.3_0.2_1.0_pos,0,[0, 1],nan,nan,0.541792547834844,0.3715469613259669
mmix_0.1_0.1_0.3_0.2_1.0_pos,0,[0, 2],nan,nan,0.541792547834844,0.3715469613259669
mmix_0.1_0.1_0.3_0.2_1.0_pos,0,[1, 2],nan,nan,0.541792547834844,0.3715469613259669
mmix_0.0_0.0_0.2_0.2_1.0_both,0,[0, 1, 2],0.6255229,0.6618206609831149,0.8112221120687197,0.8085635359116022
mmix_0.0_0.0_0.2_0.2_1.0_both,0,[0],0.7149229,0.5861581618046663,0.7924631024383304,0.7925414364640884
mmix_0.0_0.0_0.2_0.2_1.0_both,0,[1],0.8350156,0.24044981198550003,0.6924998936842615,0.668232044198895
mmix_0.0_0.0_0.2_0.2_1.0_both,0,[2],0.8760522,0.23920781770781724,0.6415301266193827,0.638950276243094
mmix_0.0_0.0_0.2_0.2_1.0_both,0,[0, 1],0.6986355,0.5745978195782814,0.7833105398833133,0.7776243093922652
mmix_0.0_0.0_0.2_0.2_1.0_both,0,[0, 2],0.6887084,0.5706621907051529,0.7816127644494436,0.7795580110497238
mmix_0.0_0.0_0.2_0.2_1.0_both,0,[1, 2],0.80924124,0.28591645698230445,0.6861683137724514,0.6718232044198895
mmix_0.0_0.0_0.2_0.25_0.5_both,0,[0, 1, 2],0.62013805,0.6660553150185802,0.8096402748301247,0.804696132596685
mmix_0.0_0.0_0.2_0.25_0.5_both,0,[0],0.7034237,0.591420041219627,0.7952494253706915,0.7950276243093922
mmix_0.0_0.0_0.2_0.25_0.5_both,0,[1],0.82670903,0.25387501690562136,0.7033691062551729,0.669889502762431
mmix_0.0_0.0_0.2_0.25_0.5_both,0,[2],0.8512115,0.254893094208573,0.6516544715473431,0.6483425414364641
mmix_0.0_0.0_0.2_0.25_0.5_both,0,[0, 1],0.7023126,0.5742468283603731,0.7849583591277025,0.7770718232044199
mmix_0.0_0.0_0.2_0.25_0.5_both,0,[0, 2],0.68613327,0.5781451710408786,0.7837230714095557,0.7820441988950276
mmix_0.0_0.0_0.2_0.25_0.5_both,0,[1, 2],0.80362636,0.3038870347816104,0.6961321550728089,0.6776243093922651
mmix_0.0_0.0_0.2_0.25_1.0_both,0,[0, 1, 2],0.62013805,0.6660553150185802,0.8096402748301247,0.804696132596685
mmix_0.0_0.0_0.2_0.25_1.0_both,0,[0],0.7034237,0.591420041219627,0.7952494253706915,0.7950276243093922
mmix_0.0_0.0_0.2_0.25_1.0_both,0,[1],0.82670903,0.25387501690562136,0.7033691062551729,0.669889502762431
mmix_0.0_0.0_0.2_0.25_1.0_both,0,[2],0.8512115,0.254893094208573,0.6516544715473431,0.6483425414364641
mmix_0.0_0.0_0.2_0.25_1.0_both,0,[0, 1],0.7023126,0.5742468283603731,0.7849583591277025,0.7770718232044199
mmix_0.0_0.0_0.2_0.25_1.0_both,0,[0, 2],0.68613327,0.5781451710408786,0.7837230714095557,0.7820441988950276
mmix_0.0_0.0_0.2_0.25_1.0_both,0,[1, 2],0.80362636,0.3038870347816104,0.6961321550728089,0.6776243093922651
mmix_0.0_0.0_0.2_0.3_0.5_both,0,[0, 1, 2],0.6295459,0.6575240613619522,0.8053649838928836,0.8035911602209945
mmix_0.0_0.0_0.2_0.3_0.5_both,0,[0],0.70887166,0.5718429765173669,0.7800142319138142,0.7820441988950276
mmix_0.0_0.0_0.2_0.3_0.5_both,0,[1],0.82685155,0.2502088670865586,0.7030231447742226,0.662707182320442
mmix_0.0_0.0_0.2_0.3_0.5_both,0,[2],0.8438045,0.24682173734300678,0.6526725939208669,0.6475138121546962
mmix_0.0_0.0_0.2_0.3_0.5_both,0,[0, 1],0.71243894,0.5597456450031615,0.7828312541937642,0.7779005524861878
mmix_0.0_0.0_0.2_0.3_0.5_both,0,[0, 2],0.70478517,0.5554272406565309,0.7677122191833708,0.7668508287292818
mmix_0.0_0.0_0.2_0.3_0.5_both,0,[1, 2],0.80504256,0.29729381313954467,0.6964379790009827,0.6743093922651934
mmix_0.0_0.0_0.2_0.3_1.0_both,0,[0, 1, 2],0.6295459,0.6575240613619522,0.8053649838928836,0.8035911602209945
mmix_0.0_0.0_0.2_0.3_1.0_both,0,[0],0.70887166,0.5718429765173669,0.7800142319138142,0.7820441988950276
mmix_0.0_0.0_0.2_0.3_1.0_both,0,[1],0.82685155,0.2502088670865586,0.7030231447742226,0.662707182320442
mmix_0.0_0.0_0.2_0.3_1.0_both,0,[2],0.8438045,0.24682173734300678,0.6526725939208669,0.6475138121546962
mmix_0.0_0.0_0.2_0.3_1.0_both,0,[0, 1],0.71243894,0.5597456450031615,0.7828312541937642,0.7779005524861878
mmix_0.0_0.0_0.2_0.3_1.0_both,0,[0, 2],0.70478517,0.5554272406565309,0.7677122191833708,0.7668508287292818
mmix_0.0_0.0_0.2_0.3_1.0_both,0,[1, 2],0.80504256,0.29729381313954467,0.6964379790009827,0.6743093922651934
mmix_0.0_0.0_0.25_0.2_0.5_both,0,[0, 1, 2],0.6266888,0.6626502224142836,0.8087648801237294,0.8035911602209945
mmix_0.0_0.0_0.25_0.2_0.5_both,0,[0],0.71597975,0.5892146911963106,0.7883372860819852,0.7897790055248619
mmix_0.0_0.0_0.25_0.2_0.5_both,0,[1],0.8298976,0.24671293789266063,0.6950602609308535,0.6709944751381215
mmix_0.0_0.0_0.25_0.2_0.5_both,0,[2],0.8795298,0.24989065549548786,0.6382404324867665,0.6395027624309392
mmix_0.0_0.0_0.25_0.2_0.5_both,0,[0, 1],0.696518,0.5797138082135284,0.7875612786459554,0.7837016574585636
mmix_0.0_0.0_0.25_0.2_0.5_both,0,[0, 2],0.6905104,0.5732280198584333,0.7764324893344775,0.7767955801104972
mmix_0.0_0.0_0.25_0.2_0.5_both,0,[1, 2],0.80636895,0.296884269672823,0.6831599565901225,0.6734806629834255
mmix_0.0_0.0_0.25_0.2_1.0_both,0,[0, 1, 2],0.6266888,0.6626502224142836,0.8087648801237294,0.8035911602209945
mmix_0.0_0.0_0.25_0.2_1.0_both,0,[0],0.71597975,0.5892146911963106,0.7883372860819852,0.7897790055248619
mmix_0.0_0.0_0.25_0.2_1.0_both,0,[1],0.8298976,0.24671293789266063,0.6950602609308535,0.6709944751381215
mmix_0.0_0.0_0.25_0.2_1.0_both,0,[2],0.8795298,0.24989065549548786,0.6382404324867665,0.6395027624309392
mmix_0.0_0.0_0.25_0.2_1.0_both,0,[0, 1],0.696518,0.5797138082135284,0.7875612786459554,0.7837016574585636
mmix_0.0_0.0_0.25_0.2_1.0_both,0,[0, 2],0.6905104,0.5732280198584333,0.7764324893344775,0.7767955801104972
mmix_0.0_0.0_0.25_0.2_1.0_both,0,[1, 2],0.80636895,0.296884269672823,0.6831599565901225,0.6734806629834255
mmix_0.0_0.0_0.25_0.25_0.5_both,0,[0, 1, 2],0.61466223,0.6673725246926695,0.8064414574341525,0.8060773480662984
mmix_0.0_0.0_0.25_0.25_0.5_both,0,[0],0.6987258,0.5959376170833793,0.7952475768657343,0.7955801104972375
mmix_0.0_0.0_0.25_0.25_0.5_both,0,[1],0.82474643,0.2542398616778293,0.7043644075529902,0.6687845303867404
mmix_0.0_0.0_0.25_0.25_0.5_both,0,[2],0.85513586,0.2482559985245917,0.6452614875360875,0.6425414364640883
mmix_0.0_0.0_0.25_0.25_0.5_both,0,[0, 1],0.69738245,0.5817880526982265,0.7840411402094761,0.7765193370165746
mmix_0.0_0.0_0.25_0.25_0.5_both,0,[0, 2],0.6836831,0.5830819679883399,0.786580634915208,0.7845303867403315
mmix_0.0_0.0_0.25_0.25_0.5_both,0,[1, 2],0.8031075,0.30260302280744367,0.6963165084052271,0.6762430939226519
mmix_0.0_0.0_0.25_0.25_1.0_both,0,[0, 1, 2],0.61466223,0.6673725246926695,0.8064414574341525,0.8060773480662984
mmix_0.0_0.0_0.25_0.25_1.0_both,0,[0],0.6987258,0.5959376170833793,0.7952475768657343,0.7955801104972375
mmix_0.0_0.0_0.25_0.25_1.0_both,0,[1],0.82474643,0.2542398616778293,0.7043644075529902,0.6687845303867404
mmix_0.0_0.0_0.25_0.25_1.0_both,0,[2],0.85513586,0.2482559985245917,0.6452614875360875,0.6425414364640883
mmix_0.0_0.0_0.25_0.25_1.0_both,0,[0, 1],0.69738245,0.5817880526982265,0.7840411402094761,0.7765193370165746
mmix_0.0_0.0_0.25_0.25_1.0_both,0,[0, 2],0.6836831,0.5830819679883399,0.786580634915208,0.7845303867403315
mmix_0.0_0.0_0.25_0.25_1.0_both,0,[1, 2],0.8031075,0.30260302280744367,0.6963165084052271,0.6762430939226519
mmix_0.0_0.0_0.25_0.3_0.5_both,0,[0, 1, 2],0.6197665,0.6628321475710832,0.8062437732923109,0.8030386740331492
mmix_0.0_0.0_0.25_0.3_0.5_both,0,[0],0.70623857,0.575076210783162,0.7681801173703287,0.7712707182320442
mmix_0.0_0.0_0.25_0.3_0.5_both,0,[1],0.823545,0.25262938477976316,0.7094905943935559,0.6660220994475138
mmix_0.0_0.0_0.25_0.3_0.5_both,0,[2],0.8395447,0.25832442507564646,0.6559651094752991,0.6522099447513812
mmix_0.0_0.0_0.25_0.3_0.5_both,0,[0, 1],0.70672977,0.5716954898002994,0.7814581058446626,0.7790055248618785
mmix_0.0_0.0_0.25_0.3_0.5_both,0,[0, 2],0.7002933,0.5671146641571952,0.7737213263405899,0.7745856353591161
mmix_0.0_0.0_0.25_0.3_0.5_both,0,[1, 2],0.80126417,0.3087551043942665,0.7034522755715638,0.6817679558011049
mmix_0.0_0.0_0.25_0.3_1.0_both,0,[0, 1, 2],0.6197665,0.6628321475710832,0.8062437732923109,0.8030386740331492
mmix_0.0_0.0_0.25_0.3_1.0_both,0,[0],0.70623857,0.575076210783162,0.7681801173703287,0.7712707182320442
mmix_0.0_0.0_0.25_0.3_1.0_both,0,[1],0.823545,0.25262938477976316,0.7094905943935559,0.6660220994475138
mmix_0.0_0.0_0.25_0.3_1.0_both,0,[2],0.8395447,0.25832442507564646,0.6559651094752991,0.6522099447513812
mmix_0.0_0.0_0.25_0.3_1.0_both,0,[0, 1],0.70672977,0.5716954898002994,0.7814581058446626,0.7790055248618785
mmix_0.0_0.0_0.25_0.3_1.0_both,0,[0, 2],0.7002933,0.5671146641571952,0.7737213263405899,0.7745856353591161
mmix_0.0_0.0_0.25_0.3_1.0_both,0,[1, 2],0.80126417,0.3087551043942665,0.7034522755715638,0.6817679558011049
mmix_0.0_0.0_0.35_0.2_0.5_both,0,[0, 1, 2],0.6330545,0.6569922768081787,0.8043623509482805,0.8055248618784531
mmix_0.0_0.0_0.35_0.2_0.5_both,0,[0],0.7371157,0.5826426290810826,0.7893785037865984,0.7908839779005525
mmix_0.0_0.0_0.35_0.2_0.5_both,0,[1],0.83531064,0.23705957430288138,0.6924150026074022,0.6621546961325967
mmix_0.0_0.0_0.35_0.2_0.5_both,0,[2],0.86758816,0.25052055154775255,0.6476956746715499,0.6450276243093923
mmix_0.0_0.0_0.35_0.2_0.5_both,0,[0, 1],0.70194566,0.5657599137927206,0.7803259287451291,0.7759668508287293
mmix_0.0_0.0_0.35_0.2_0.5_both,0,[0, 2],0.68937486,0.5691151428907877,0.7779883311366216,0.7776243093922652
mmix_0.0_0.0_0.35_0.2_0.5_both,0,[1, 2],0.805632,0.2931097893091018,0.6913319349871526,0.6762430939226519
mmix_0.0_0.0_0.35_0.2_1.0_both,0,[0, 1, 2],0.6330545,0.6569922768081787,0.8043623509482805,0.8055248618784531
mmix_0.0_0.0_0.35_0.2_1.0_both,0,[0],0.7371157,0.5826426290810826,0.7893785037865984,0.7908839779005525
mmix_0.0_0.0_0.35_0.2_1.0_both,0,[1],0.83531064,0.23705957430288138,0.6924150026074022,0.6621546961325967
mmix_0.0_0.0_0.35_0.2_1.0_both,0,[2],0.86758816,0.25052055154775255,0.6476956746715499,0.6450276243093923
mmix_0.0_0.0_0.35_0.2_1.0_both,0,[0, 1],0.70194566,0.5657599137927206,0.7803259287451291,0.7759668508287293
mmix_0.0_0.0_0.35_0.2_1.0_both,0,[0, 2],0.68937486,0.5691151428907877,0.7779883311366216,0.7776243093922652
mmix_0.0_0.0_0.35_0.2_1.0_both,0,[1, 2],0.805632,0.2931097893091018,0.6913319349871526,0.6762430939226519
mmix_0.0_0.0_0.35_0.25_0.5_both,0,[0, 1, 2],0.62915987,0.6596236026528417,0.8010111023944737,0.7994475138121547
mmix_0.0_0.0_0.35_0.25_0.5_both,0,[0],0.72829854,0.5845373199761231,0.7836710751198854,0.7850828729281768
mmix_0.0_0.0_0.35_0.25_0.5_both,0,[1],0.8360793,0.24317383986466876,0.6929724613487023,0.6660220994475138
mmix_0.0_0.0_0.35_0.25_0.5_both,0,[2],0.8604223,0.25702444014576425,0.6384811816216451,0.6370165745856353
mmix_0.0_0.0_0.35_0.25_0.5_both,0,[0, 1],0.70573443,0.5664848589068112,0.7758171541779233,0.7718232044198895
mmix_0.0_0.0_0.35_0.25_0.5_both,0,[0, 2],0.6920874,0.5745580257389665,0.776829583106194,0.7767955801104972
mmix_0.0_0.0_0.35_0.25_0.5_both,0,[1, 2],0.807413,0.30406155458220135,0.6859540279326143,0.6712707182320442
mmix_0.0_0.0_0.35_0.25_1.0_both,0,[0, 1, 2],0.62915987,0.6596236026528417,0.8010111023944737,0.7994475138121547
mmix_0.0_0.0_0.35_0.25_1.0_both,0,[0],0.72829854,0.5845373199761231,0.7836710751198854,0.7850828729281768
mmix_0.0_0.0_0.35_0.25_1.0_both,0,[1],0.8360793,0.24317383986466876,0.6929724613487023,0.6660220994475138
mmix_0.0_0.0_0.35_0.25_1.0_both,0,[2],0.8604223,0.25702444014576425,0.6384811816216451,0.6370165745856353
mmix_0.0_0.0_0.35_0.25_1.0_both,0,[0, 1],0.70573443,0.5664848589068112,0.7758171541779233,0.7718232044198895
mmix_0.0_0.0_0.35_0.25_1.0_both,0,[0, 2],0.6920874,0.5745580257389665,0.776829583106194,0.7767955801104972
mmix_0.0_0.0_0.35_0.25_1.0_both,0,[1, 2],0.807413,0.30406155458220135,0.6859540279326143,0.6712707182320442
mmix_0.0_0.0_0.35_0.3_0.5_both,0,[0, 1, 2],0.6200392,0.6623393656774548,0.7978403669398143,0.7980662983425414
mmix_0.0_0.0_0.35_0.3_0.5_both,0,[0],0.70675224,0.5696692828650044,0.7821568726815316,0.7834254143646409
mmix_0.0_0.0_0.35_0.3_0.5_both,0,[1],0.82572687,0.24659271718122144,0.7100061555758943,0.6610497237569061
mmix_0.0_0.0_0.35_0.3_0.5_both,0,[2],0.8415717,0.26156150296742736,0.6548097908692356,0.6524861878453039
mmix_0.0_0.0_0.35_0.3_0.5_both,0,[0, 1],0.71643555,0.5530388096046032,0.77199516013323,0.7640883977900552
mmix_0.0_0.0_0.35_0.3_0.5_both,0,[0, 2],0.7039661,0.5563766703571846,0.7731017828677273,0.7723756906077348
mmix_0.0_0.0_0.35_0.3_0.5_both,0,[1, 2],0.80252165,0.3028617052640919,0.6992084915051037,0.6726519337016574
mmix_0.0_0.0_0.35_0.3_1.0_both,0,[0, 1, 2],0.6200392,0.6623393656774548,0.7978403669398143,0.7980662983425414
mmix_0.0_0.0_0.35_0.3_1.0_both,0,[0],0.70675224,0.5696692828650044,0.7821568726815316,0.7834254143646409
mmix_0.0_0.0_0.35_0.3_1.0_both,0,[1],0.82572687,0.24659271718122144,0.7100061555758943,0.6610497237569061
mmix_0.0_0.0_0.35_0.3_1.0_both,0,[2],0.8415717,0.26156150296742736,0.6548097908692356,0.6524861878453039
mmix_0.0_0.0_0.35_0.3_1.0_both,0,[0, 1],0.71643555,0.5530388096046032,0.77199516013323,0.7640883977900552
mmix_0.0_0.0_0.35_0.3_1.0_both,0,[0, 2],0.7039661,0.5563766703571846,0.7731017828677273,0.7723756906077348
mmix_0.0_0.0_0.35_0.3_1.0_both,0,[1, 2],0.80252165,0.3028617052640919,0.6992084915051037,0.6726519337016574
mmix_0.0_0.0_0.2_0.2_2.0_both,0,[0, 1, 2],0.6255229,0.6618206609831149,0.8112221120687197,0.8085635359116022
mmix_0.0_0.0_0.2_0.2_2.0_both,0,[0],0.7149229,0.5861581618046663,0.7924631024383304,0.7925414364640884
mmix_0.0_0.0_0.2_0.2_2.0_both,0,[1],0.8350156,0.24044981198550003,0.6924998936842615,0.668232044198895
mmix_0.0_0.0_0.2_0.2_2.0_both,0,[2],0.8760522,0.23920781770781724,0.6415301266193827,0.638950276243094
mmix_0.0_0.0_0.2_0.2_2.0_both,0,[0, 1],0.6986355,0.5745978195782814,0.7833105398833133,0.7776243093922652
mmix_0.0_0.0_0.2_0.2_2.0_both,0,[0, 2],0.6887084,0.5706621907051529,0.7816127644494436,0.7795580110497238
mmix_0.0_0.0_0.2_0.2_2.0_both,0,[1, 2],0.80924124,0.28591645698230445,0.6861683137724514,0.6718232044198895
mmix_0.0_0.0_0.2_0.2_1.5_both,0,[0, 1, 2],0.6255229,0.6618206609831149,0.8112221120687197,0.8085635359116022
mmix_0.0_0.0_0.2_0.2_1.5_both,0,[0],0.7149229,0.5861581618046663,0.7924631024383304,0.7925414364640884
mmix_0.0_0.0_0.2_0.2_1.5_both,0,[1],0.8350156,0.24044981198550003,0.6924998936842615,0.668232044198895
mmix_0.0_0.0_0.2_0.2_1.5_both,0,[2],0.8760522,0.23920781770781724,0.6415301266193827,0.638950276243094
mmix_0.0_0.0_0.2_0.2_1.5_both,0,[0, 1],0.6986355,0.5745978195782814,0.7833105398833133,0.7776243093922652
mmix_0.0_0.0_0.2_0.2_1.5_both,0,[0, 2],0.6887084,0.5706621907051529,0.7816127644494436,0.7795580110497238
mmix_0.0_0.0_0.2_0.2_1.5_both,0,[1, 2],0.80924124,0.28591645698230445,0.6861683137724514,0.6718232044198895
mmix_0.0_0.0_0.2_0.25_2.0_both,0,[0, 1, 2],0.62013805,0.6660553150185802,0.8096402748301247,0.804696132596685
mmix_0.0_0.0_0.2_0.25_2.0_both,0,[0],0.7034237,0.591420041219627,0.7952494253706915,0.7950276243093922
mmix_0.0_0.0_0.2_0.25_2.0_both,0,[1],0.82670903,0.25387501690562136,0.7033691062551729,0.669889502762431
mmix_0.0_0.0_0.2_0.25_2.0_both,0,[2],0.8512115,0.254893094208573,0.6516544715473431,0.6483425414364641
mmix_0.0_0.0_0.2_0.25_2.0_both,0,[0, 1],0.7023126,0.5742468283603731,0.7849583591277025,0.7770718232044199
mmix_0.0_0.0_0.2_0.25_2.0_both,0,[0, 2],0.68613327,0.5781451710408786,0.7837230714095557,0.7820441988950276
mmix_0.0_0.0_0.2_0.25_2.0_both,0,[1, 2],0.80362636,0.3038870347816104,0.6961321550728089,0.6776243093922651
mmix_0.0_0.0_0.2_0.25_1.5_both,0,[0, 1, 2],0.62013805,0.6660553150185802,0.8096402748301247,0.804696132596685
mmix_0.0_0.0_0.2_0.25_1.5_both,0,[0],0.7034237,0.591420041219627,0.7952494253706915,0.7950276243093922
mmix_0.0_0.0_0.2_0.25_1.5_both,0,[1],0.82670903,0.25387501690562136,0.7033691062551729,0.669889502762431
mmix_0.0_0.0_0.2_0.25_1.5_both,0,[2],0.8512115,0.254893094208573,0.6516544715473431,0.6483425414364641
mmix_0.0_0.0_0.2_0.25_1.5_both,0,[0, 1],0.7023126,0.5742468283603731,0.7849583591277025,0.7770718232044199
mmix_0.0_0.0_0.2_0.25_1.5_both,0,[0, 2],0.68613327,0.5781451710408786,0.7837230714095557,0.7820441988950276
mmix_0.0_0.0_0.2_0.25_1.5_both,0,[1, 2],0.80362636,0.3038870347816104,0.6961321550728089,0.6776243093922651
mmix_0.0_0.0_0.2_0.3_2.0_both,0,[0, 1, 2],0.6295459,0.6575240613619522,0.8053649838928836,0.8035911602209945
mmix_0.0_0.0_0.2_0.3_2.0_both,0,[0],0.70887166,0.5718429765173669,0.7800142319138142,0.7820441988950276
mmix_0.0_0.0_0.2_0.3_2.0_both,0,[1],0.82685155,0.2502088670865586,0.7030231447742226,0.662707182320442
mmix_0.0_0.0_0.2_0.3_2.0_both,0,[2],0.8438045,0.24682173734300678,0.6526725939208669,0.6475138121546962
mmix_0.0_0.0_0.2_0.3_2.0_both,0,[0, 1],0.71243894,0.5597456450031615,0.7828312541937642,0.7779005524861878
mmix_0.0_0.0_0.2_0.3_2.0_both,0,[0, 2],0.70478517,0.5554272406565309,0.7677122191833708,0.7668508287292818
mmix_0.0_0.0_0.2_0.3_2.0_both,0,[1, 2],0.80504256,0.29729381313954467,0.6964379790009827,0.6743093922651934
mmix_0.0_0.0_0.2_0.3_1.5_both,0,[0, 1, 2],0.6295459,0.6575240613619522,0.8053649838928836,0.8035911602209945
mmix_0.0_0.0_0.2_0.3_1.5_both,0,[0],0.70887166,0.5718429765173669,0.7800142319138142,0.7820441988950276
mmix_0.0_0.0_0.2_0.3_1.5_both,0,[1],0.82685155,0.2502088670865586,0.7030231447742226,0.662707182320442
mmix_0.0_0.0_0.2_0.3_1.5_both,0,[2],0.8438045,0.24682173734300678,0.6526725939208669,0.6475138121546962
mmix_0.0_0.0_0.2_0.3_1.5_both,0,[0, 1],0.71243894,0.5597456450031615,0.7828312541937642,0.7779005524861878
mmix_0.0_0.0_0.2_0.3_1.5_both,0,[0, 2],0.70478517,0.5554272406565309,0.7677122191833708,0.7668508287292818
mmix_0.0_0.0_0.2_0.3_1.5_both,0,[1, 2],0.80504256,0.29729381313954467,0.6964379790009827,0.6743093922651934
mmix_0.0_0.0_0.25_0.2_2.0_both,0,[0, 1, 2],0.6266888,0.6626502224142836,0.8087648801237294,0.8035911602209945
mmix_0.0_0.0_0.25_0.2_2.0_both,0,[0],0.71597975,0.5892146911963106,0.7883372860819852,0.7897790055248619
mmix_0.0_0.0_0.25_0.2_2.0_both,0,[1],0.8298976,0.24671293789266063,0.6950602609308535,0.6709944751381215
mmix_0.0_0.0_0.25_0.2_2.0_both,0,[2],0.8795298,0.24989065549548786,0.6382404324867665,0.6395027624309392
mmix_0.0_0.0_0.25_0.2_2.0_both,0,[0, 1],0.696518,0.5797138082135284,0.7875612786459554,0.7837016574585636
mmix_0.0_0.0_0.25_0.2_2.0_both,0,[0, 2],0.6905104,0.5732280198584333,0.7764324893344775,0.7767955801104972
mmix_0.0_0.0_0.25_0.2_2.0_both,0,[1, 2],0.80636895,0.296884269672823,0.6831599565901225,0.6734806629834255
mmix_0.0_0.0_0.25_0.2_1.5_both,0,[0, 1, 2],0.6266888,0.6626502224142836,0.8087648801237294,0.8035911602209945
mmix_0.0_0.0_0.25_0.2_1.5_both,0,[0],0.71597975,0.5892146911963106,0.7883372860819852,0.7897790055248619
mmix_0.0_0.0_0.25_0.2_1.5_both,0,[1],0.8298976,0.24671293789266063,0.6950602609308535,0.6709944751381215
mmix_0.0_0.0_0.25_0.2_1.5_both,0,[2],0.8795298,0.24989065549548786,0.6382404324867665,0.6395027624309392
mmix_0.0_0.0_0.25_0.2_1.5_both,0,[0, 1],0.696518,0.5797138082135284,0.7875612786459554,0.7837016574585636
mmix_0.0_0.0_0.25_0.2_1.5_both,0,[0, 2],0.6905104,0.5732280198584333,0.7764324893344775,0.7767955801104972
mmix_0.0_0.0_0.25_0.2_1.5_both,0,[1, 2],0.80636895,0.296884269672823,0.6831599565901225,0.6734806629834255
mmix_0.0_0.0_0.25_0.25_2.0_both,0,[0, 1, 2],0.61466223,0.6673725246926695,0.8064414574341525,0.8060773480662984
mmix_0.0_0.0_0.25_0.25_2.0_both,0,[0],0.6987258,0.5959376170833793,0.7952475768657343,0.7955801104972375
mmix_0.0_0.0_0.25_0.25_2.0_both,0,[1],0.82474643,0.2542398616778293,0.7043644075529902,0.6687845303867404
mmix_0.0_0.0_0.25_0.25_2.0_both,0,[2],0.85513586,0.2482559985245917,0.6452614875360875,0.6425414364640883
mmix_0.0_0.0_0.25_0.25_2.0_both,0,[0, 1],0.69738245,0.5817880526982265,0.7840411402094761,0.7765193370165746
mmix_0.0_0.0_0.25_0.25_2.0_both,0,[0, 2],0.6836831,0.5830819679883399,0.786580634915208,0.7845303867403315
mmix_0.0_0.0_0.25_0.25_2.0_both,0,[1, 2],0.8031075,0.30260302280744367,0.6963165084052271,0.6762430939226519
mmix_0.0_0.0_0.25_0.25_1.5_both,0,[0, 1, 2],0.61466223,0.6673725246926695,0.8064414574341525,0.8060773480662984
mmix_0.0_0.0_0.25_0.25_1.5_both,0,[0],0.6987258,0.5959376170833793,0.7952475768657343,0.7955801104972375
mmix_0.0_0.0_0.25_0.25_1.5_both,0,[1],0.82474643,0.2542398616778293,0.7043644075529902,0.6687845303867404
mmix_0.0_0.0_0.25_0.25_1.5_both,0,[2],0.85513586,0.2482559985245917,0.6452614875360875,0.6425414364640883
mmix_0.0_0.0_0.25_0.25_1.5_both,0,[0, 1],0.69738245,0.5817880526982265,0.7840411402094761,0.7765193370165746
mmix_0.0_0.0_0.25_0.25_1.5_both,0,[0, 2],0.6836831,0.5830819679883399,0.786580634915208,0.7845303867403315
mmix_0.0_0.0_0.25_0.25_1.5_both,0,[1, 2],0.8031075,0.30260302280744367,0.6963165084052271,0.6762430939226519
mmix_0.0_0.0_0.25_0.3_2.0_both,0,[0, 1, 2],0.6197665,0.6628321475710832,0.8062437732923109,0.8030386740331492
mmix_0.0_0.0_0.25_0.3_2.0_both,0,[0],0.70623857,0.575076210783162,0.7681801173703287,0.7712707182320442
mmix_0.0_0.0_0.25_0.3_2.0_both,0,[1],0.823545,0.25262938477976316,0.7094905943935559,0.6660220994475138
mmix_0.0_0.0_0.25_0.3_2.0_both,0,[2],0.8395447,0.25832442507564646,0.6559651094752991,0.6522099447513812
mmix_0.0_0.0_0.25_0.3_2.0_both,0,[0, 1],0.70672977,0.5716954898002994,0.7814581058446626,0.7790055248618785
mmix_0.0_0.0_0.25_0.3_2.0_both,0,[0, 2],0.7002933,0.5671146641571952,0.7737213263405899,0.7745856353591161
mmix_0.0_0.0_0.25_0.3_2.0_both,0,[1, 2],0.80126417,0.3087551043942665,0.7034522755715638,0.6817679558011049
mmix_0.0_0.0_0.25_0.3_1.5_both,0,[0, 1, 2],0.6197665,0.6628321475710832,0.8062437732923109,0.8030386740331492
mmix_0.0_0.0_0.25_0.3_1.5_both,0,[0],0.70623857,0.575076210783162,0.7681801173703287,0.7712707182320442
mmix_0.0_0.0_0.25_0.3_1.5_both,0,[1],0.823545,0.25262938477976316,0.7094905943935559,0.6660220994475138
mmix_0.0_0.0_0.25_0.3_1.5_both,0,[2],0.8395447,0.25832442507564646,0.6559651094752991,0.6522099447513812
mmix_0.0_0.0_0.25_0.3_1.5_both,0,[0, 1],0.70672977,0.5716954898002994,0.7814581058446626,0.7790055248618785
mmix_0.0_0.0_0.25_0.3_1.5_both,0,[0, 2],0.7002933,0.5671146641571952,0.7737213263405899,0.7745856353591161
mmix_0.0_0.0_0.25_0.3_1.5_both,0,[1, 2],0.80126417,0.3087551043942665,0.7034522755715638,0.6817679558011049
mmix_0.0_0.0_0.2_0.2_1.0_both,0,[0, 1, 2],0.6447792,0.6512342480010848,0.8029604409757773,0.7955801104972375
mmix_0.0_0.0_0.2_0.2_1.0_both,0,[0],0.72415924,0.5886725116269779,0.790683564212732,0.791988950276243
mmix_0.0_0.0_0.2_0.2_1.0_both,0,[1],0.8373429,0.23369509398423718,0.6969314014289141,0.6640883977900552
mmix_0.0_0.0_0.2_0.2_1.0_both,0,[2],0.87444496,0.23948707289613072,0.6315587196273053,0.6292817679558012
mmix_0.0_0.0_0.2_0.2_1.0_both,0,[0, 1],0.70026153,0.5696540019768943,0.7806764164303298,0.7748618784530387
mmix_0.0_0.0_0.2_0.2_1.0_both,0,[0, 2],0.6893241,0.5712741479596624,0.7813329226408492,0.780939226519337
mmix_0.0_0.0_0.2_0.2_1.0_both,0,[1, 2],0.80842215,0.28854607640247737,0.6877860379944689,0.669889502762431
mmix_0.0_0.0_0.2_0.2_1.0_both,1,[0, 1, 2],0.6241313,0.665962795890366,0.8093425574612754,0.8077348066298342
mmix_0.0_0.0_0.2_0.2_1.0_both,1,[0],0.7273078,0.5820136588471533,0.78371811273698,0.7837016574585636
mmix_0.0_0.0_0.2_0.2_1.0_both,1,[1],0.83153605,0.25165520853235746,0.673235359608105,0.6546961325966851
mmix_0.0_0.0_0.2_0.2_1.0_both,1,[2],0.8675598,0.22501773077734422,0.6422127098032228,0.6348066298342542
mmix_0.0_0.0_0.2_0.2_1.0_both,1,[0, 1],0.6914175,0.5764274446009942,0.78127236759409,0.775414364640884
mmix_0.0_0.0_0.2_0.2_1.0_both,1,[0, 2],0.6937984,0.5593781093362308,0.7799425288552582,0.7748618784530387
mmix_0.0_0.0_0.2_0.2_1.0_both,1,[1, 2],0.8044511,0.2894090508269012,0.6920600633521548,0.669889502762431
mmix_0.0_0.0_0.2_0.2_1.0_both,2,[0, 1, 2],0.63221306,0.6568595027774159,0.802109360266688,0.8038674033149171
mmix_0.0_0.0_0.2_0.2_1.0_both,2,[0],0.738211,0.5728459471719107,0.7797053816702414,0.7823204419889502
mmix_0.0_0.0_0.2_0.2_1.0_both,2,[1],0.83491886,0.2524641266652737,0.6702304499589253,0.6546961325966851
mmix_0.0_0.0_0.2_0.2_1.0_both,2,[2],0.865533,0.23385886696675665,0.6412428194896482,0.6342541436464089
mmix_0.0_0.0_0.2_0.2_1.0_both,2,[0, 1],0.69820493,0.5635651430097006,0.7836182734015048,0.7823204419889502
mmix_0.0_0.0_0.2_0.2_1.0_both,2,[0, 2],0.69796044,0.5505560373203973,0.7726276603907046,0.7718232044198895
mmix_0.0_0.0_0.2_0.2_1.0_both,2,[1, 2],0.80500865,0.29673307004091515,0.6898107708522381,0.6729281767955801
mmix_0.0_0.0_0.2_0.2_1.0_both,3,[0, 1, 2],0.62332666,0.6636134309874482,0.8066500045216952,0.804696132596685
mmix_0.0_0.0_0.2_0.2_1.0_both,3,[0],0.7118737,0.5868542754984566,0.7832806061869569,0.7828729281767955
mmix_0.0_0.0_0.2_0.2_1.0_both,3,[1],0.8397831,0.23113055665330495,0.6979188909869378,0.6593922651933701
mmix_0.0_0.0_0.2_0.2_1.0_both,3,[2],0.86682844,0.23105813087145288,0.6498895923630175,0.6406077348066298
mmix_0.0_0.0_0.2_0.2_1.0_both,3,[0, 1],0.70685536,0.5674177203942412,0.7745110266894537,0.761049723756906
mmix_0.0_0.0_0.2_0.2_1.0_both,3,[0, 2],0.6951963,0.5601373558224045,0.7704264086124228,0.762707182320442
mmix_0.0_0.0_0.2_0.2_1.0_both,3,[1, 2],0.81112313,0.27785151521045137,0.7025384854750294,0.6676795580110497
mmix_0.0_0.0_0.2_0.2_1.0_both,4,[0, 1, 2],0.64421993,0.6583036543103694,0.8083560923523205,0.8080110497237569
mmix_0.0_0.0_0.2_0.2_1.0_both,4,[0],0.73517644,0.5758557623617527,0.7813159491174206,0.7812154696132597
mmix_0.0_0.0_0.2_0.2_1.0_both,4,[1],0.837669,0.24161463069538902,0.6957555302197446,0.6574585635359116
mmix_0.0_0.0_0.2_0.2_1.0_both,4,[2],0.8856105,0.24441567717823542,0.6533679301167781,0.6417127071823204
mmix_0.0_0.0_0.2_0.2_1.0_both,4,[0, 1],0.69871503,0.5627291099394988,0.7806090373569295,0.7709944751381216
mmix_0.0_0.0_0.2_0.2_1.0_both,4,[0, 2],0.69380516,0.551894607452854,0.7762496689445738,0.7701657458563536
mmix_0.0_0.0_0.2_0.2_1.0_both,4,[1, 2],0.80405873,0.2990512997206186,0.7017695260421017,0.6720994475138121
mmix_0.0_0.0_0.2_0.2_0.5_both,0,[0, 1, 2],0.80583155,0.23740731211868185,0.6788448203854675,0.6353591160220995
mmix_0.0_0.0_0.2_0.2_0.5_both,0,[0],0.8156027,0.2715871241447967,0.7491927363823665,0.6433701657458564
mmix_0.0_0.0_0.2_0.2_0.5_both,0,[1],0.81977725,0.17896644987674853,0.683885896708202,0.6303867403314917
mmix_0.0_0.0_0.2_0.2_0.5_both,0,[2],0.8101973,0.22005813883394676,0.6467677728228528,0.6267955801104972
mmix_0.0_0.0_0.2_0.2_0.5_both,0,[0, 1],0.81473064,0.25837841449797394,0.7446222829321768,0.6475138121546962
mmix_0.0_0.0_0.2_0.2_0.5_both,0,[0, 2],0.8046808,0.28292143207067383,0.7167405195427666,0.649171270718232
mmix_0.0_0.0_0.2_0.2_0.5_both,0,[1, 2],0.8087392,0.23499602813220796,0.6930776501740284,0.6466850828729281
mmix_0.0_0.0_0.2_0.2_2.0_both,0,[0, 1, 2],0.80675054,0.23712129414690744,0.6874911401042132,0.6323204419889503
mmix_0.0_0.0_0.2_0.2_2.0_both,0,[0],0.81281084,0.2691624683080331,0.748467037046934,0.6447513812154696
mmix_0.0_0.0_0.2_0.2_2.0_both,0,[1],0.8204759,0.17167709935544737,0.6529955671542333,0.6218232044198895
mmix_0.0_0.0_0.2_0.2_2.0_both,0,[2],0.8097774,0.2192711767747414,0.643226247620505,0.6273480662983425
mmix_0.0_0.0_0.2_0.2_2.0_both,0,[0, 1],0.81426114,0.24963194833994837,0.7332099083360121,0.6508287292817679
mmix_0.0_0.0_0.2_0.2_2.0_both,0,[0, 2],0.8030252,0.28101778534740574,0.7143070673714268,0.6511049723756906
mmix_0.0_0.0_0.2_0.2_2.0_both,0,[1, 2],0.8095722,0.22897589620154063,0.6672667527427595,0.6383977900552487
mmix_0.0_0.0_0.2_0.15_0.5_both,0,[0, 1, 2],0.66007936,0.615648979727835,0.780481314869123,0.7823204419889502
mmix_0.0_0.0_0.2_0.15_0.5_both,0,[0],0.722186,0.5837545208283264,0.7926239760061795,0.7914364640883977
mmix_0.0_0.0_0.25_0.15_0.5_both,0,[0, 1, 2],0.65203327,0.6292767599800891,0.7859451804007631,0.7875690607734807
mmix_0.0_0.0_0.3_0.15_0.5_both,0,[0, 1, 2],0.65075827,0.6266045832132624,0.7909248525972451,0.7922651933701658
mmix_0.0_0.0_0.2_0.15_0.5_both,0,[1],0.8419579,0.206867301560319,0.6874732966460545,0.6616022099447514
mmix_0.0_0.0_0.25_0.15_0.5_both,0,[0],0.7236899,0.5879788849323392,0.7939385834847242,0.7941988950276243
mmix_0.0_0.0_0.3_0.15_0.5_both,0,[0],0.72247386,0.5919868647900739,0.7860748082252341,0.7870165745856353
mmix_0.0_0.0_0.2_0.15_0.5_both,0,[2],0.9004586,0.19642711948075944,0.6307596815140826,0.6248618784530386
mmix_0.0_0.0_0.25_0.15_0.5_both,0,[1],0.83805764,0.23780694149873322,0.6967595956899463,0.6582872928176795
mmix_0.0_0.0_0.3_0.15_0.5_both,0,[1],0.8434817,0.23466532765027132,0.6829648493504685,0.6607734806629835
mmix_0.0_0.0_0.25_0.15_0.5_both,0,[2],0.8879995,0.21636659840484024,0.6366268194661799,0.6301104972375691
mmix_0.0_0.0_0.2_0.15_0.5_both,0,[0, 1],0.7072167,0.5560006929579763,0.7805636447302381,0.7726519337016574
mmix_0.0_0.0_0.3_0.15_0.5_both,0,[2],0.9019057,0.20801380833089217,0.6254540714035483,0.6240331491712707
mmix_0.0_0.0_0.25_0.15_0.5_both,0,[0, 1],0.6996395,0.5667599235448972,0.7852690466077328,0.7781767955801105
mmix_0.0_0.0_0.2_0.15_0.5_both,0,[0, 2],0.70656866,0.5325606377446135,0.7675971841058056,0.7649171270718232
mmix_0.0_0.0_0.3_0.15_0.5_both,0,[0, 1],0.6988821,0.5658894250539761,0.7796452010250758,0.7751381215469614
mmix_0.0_0.0_0.25_0.15_0.5_both,0,[0, 2],0.7017757,0.544793533887454,0.7683292401309068,0.7671270718232044
mmix_0.0_0.0_0.2_0.15_0.5_both,0,[1, 2],0.8162955,0.24754352139300806,0.6791328240382303,0.6629834254143646
mmix_0.0_0.0_0.3_0.15_0.5_both,0,[0, 2],0.7022255,0.5418157242802382,0.7710089482150618,0.7718232044198895
mmix_0.0_0.0_0.25_0.15_0.5_both,0,[1, 2],0.8088759,0.27463428667382705,0.6858267370784862,0.6651933701657459
mmix_0.0_0.0_0.3_0.15_0.5_both,0,[1, 2],0.815599,0.2620703150029028,0.6721072046744101,0.6613259668508288
mmix_0.0_0.0_0.2_0.15_1.5_both,0,[0, 1, 2],0.64544797,0.6319806953601392,0.7993377356092732,0.7961325966850828
mmix_0.0_0.0_0.2_0.15_1.5_both,0,[0],0.7228752,0.589098323954994,0.794052811047564,0.7944751381215469
mmix_0.0_0.0_0.2_0.15_1.5_both,0,[1],0.8334623,0.23712721395971909,0.6997973957468231,0.6604972375690608
mmix_0.0_0.0_0.25_0.15_1.5_both,0,[0, 1, 2],0.65627533,0.6189261518100742,0.7886606467196163,0.7892265193370166
mmix_0.0_0.0_0.3_0.15_1.5_both,0,[0, 1, 2],0.6622056,0.6185283639801635,0.7775333748335789,0.7798342541436464
mmix_0.0_0.0_0.2_0.15_1.5_both,0,[2],0.8891571,0.21424707849859434,0.6321317189726426,0.6273480662983425
mmix_0.0_0.0_0.3_0.15_1.5_both,0,[0],0.70452094,0.5872244408568892,0.7920496618899316,0.7914364640883977
mmix_0.0_0.0_0.25_0.15_1.5_both,0,[0],0.7222826,0.5895379108866998,0.7896214164023431,0.7908839779005525
mmix_0.0_0.0_0.2_0.15_1.5_both,0,[0, 1],0.7026303,0.5632873219152733,0.7847242230571198,0.7767955801104972
mmix_0.0_0.0_0.25_0.15_1.5_both,0,[1],0.8347365,0.24246815028353097,0.6811894429784777,0.6558011049723756
mmix_0.0_0.0_0.3_0.15_1.5_both,0,[1],0.8396756,0.23232776288096585,0.6962595677032973,0.6629834254143646
mmix_0.0_0.0_0.2_0.15_1.5_both,0,[0, 2],0.70266384,0.542309267259535,0.7703551199546722,0.7690607734806629
mmix_0.0_0.0_0.25_0.15_1.5_both,0,[2],0.8952308,0.22437343108686525,0.626430536742553,0.6259668508287293
mmix_0.0_0.0_0.3_0.15_1.5_both,0,[2],0.88054365,0.21703730746450653,0.6418096301014632,0.6290055248618784
mmix_0.0_0.0_0.2_0.15_1.5_both,0,[1, 2],0.80797136,0.27240484491570033,0.689043316938127,0.6679558011049723
mmix_0.0_0.0_0.25_0.15_1.5_both,0,[0, 1],0.6995495,0.5694803488423095,0.7837840386221625,0.7792817679558011
mmix_0.0_0.0_0.3_0.15_1.5_both,0,[0, 1],0.70445704,0.5635226242696667,0.7823590986402168,0.7743093922651934
mmix_0.0_0.0_0.25_0.15_1.5_both,0,[0, 2],0.7056313,0.5416279633861221,0.7650376972619883,0.7654696132596686
mmix_0.0_0.0_0.3_0.15_1.5_both,0,[0, 2],0.7028028,0.5417469408467332,0.7684865957426709,0.7632596685082873
mmix_0.0_0.0_0.25_0.15_1.5_both,0,[1, 2],0.8107962,0.2813625210347347,0.6807572658993502,0.6701657458563536
mmix_0.0_0.0_0.3_0.15_1.5_both,0,[1, 2],0.8110968,0.2665945605465324,0.6907661684110181,0.6654696132596685
mmix_0.0_0.0_0.25_0.15_2.0_both,0,[0, 1, 2],0.64761144,0.626498053993684,0.7855787553442796,0.7859116022099447
mmix_0.0_0.0_0.25_0.15_2.0_both,0,[0],0.71524614,0.5909940115787988,0.7913208564620919,0.7911602209944751
mmix_0.0_0.0_0.2_0.15_2.0_both,0,[0, 1, 2],0.6541744,0.6232550442264059,0.7895752830471471,0.7911602209944751
mmix_0.0_0.0_0.25_0.15_2.0_both,0,[1],0.8359333,0.23867128296816426,0.6982504831233466,0.6629834254143646
mmix_0.0_0.0_0.2_0.15_2.0_both,0,[0],0.7258314,0.5919795243839024,0.7908191274349263,0.7914364640883977
mmix_0.0_0.0_0.25_0.15_2.0_both,0,[2],0.8831731,0.2054206225561433,0.6358001993318297,0.626243093922652
mmix_0.0_0.0_0.2_0.15_2.0_both,0,[1],0.8405963,0.23159234404578433,0.6919445304552361,0.6582872928176795
mmix_0.0_0.0_0.3_0.15_2.0_both,0,[0, 1, 2],0.6562892,0.6224775375655969,0.7843736763226216,0.7850828729281768
mmix_0.0_0.0_0.25_0.15_2.0_both,0,[0, 1],0.7006775,0.5675042902842895,0.7853155623218777,0.7767955801104972
mmix_0.0_0.0_0.2_0.15_2.0_both,0,[2],0.88788295,0.21433236818899867,0.6354907384531325,0.6279005524861878
mmix_0.0_0.0_0.3_0.15_2.0_both,0,[0],0.7229724,0.5860940359723876,0.795195926587727,0.7953038674033149
mmix_0.0_0.0_0.25_0.15_2.0_both,0,[0, 2],0.70068634,0.5440280472860999,0.7771412961767016,0.773756906077348
mmix_0.0_0.0_0.2_0.15_2.0_both,0,[0, 1],0.6976588,0.57001803891753,0.7890330732764389,0.7814917127071823
mmix_0.0_0.0_0.3_0.15_2.0_both,0,[1],0.8382412,0.23753852690546218,0.6914904228561601,0.6635359116022099
mmix_0.0_0.0_0.25_0.15_2.0_both,0,[1, 2],0.8089495,0.2665047666954598,0.6918698074732806,0.6701657458563536
mmix_0.0_0.0_0.2_0.15_2.0_both,0,[0, 2],0.6961976,0.549235369232691,0.7717051203450611,0.769889502762431
mmix_0.0_0.0_0.3_0.15_2.0_both,0,[2],0.8835944,0.21795247705303983,0.6408671601421984,0.6290055248618784
mmix_0.0_0.0_0.2_0.15_2.0_both,0,[1, 2],0.80978227,0.2703998830649681,0.6934151183146982,0.6707182320441989
mmix_0.0_0.0_0.3_0.15_2.0_both,0,[0, 1],0.7057123,0.5550232188412451,0.78032077172298,0.7745856353591161
mmix_0.0_0.0_0.3_0.15_2.0_both,0,[0, 2],0.7023776,0.5385633178637114,0.7668017907842235,0.7640883977900552
mmix_0.0_0.0_0.3_0.15_2.0_both,0,[1, 2],0.80976677,0.26999460750136267,0.6917645850163937,0.6729281767955801
mmix_0.0_0.0_0.25_0.2_0.5_both,0,[0, 1, 2],0.6256057,0.6542509561871013,0.8058488672629288,0.8038674033149171
mmix_0.0_0.0_0.2_0.2_0.5_both,0,[0, 1, 2],0.6262885,0.6637677736812312,0.8122642276995609,0.8093922651933702
mmix_0.0_0.0_0.25_0.2_0.5_both,0,[0],0.7131353,0.5905177399987948,0.7899863492114106,0.7908839779005525
mmix_0.0_0.0_0.2_0.2_0.5_both,0,[0],0.7211617,0.5931385049176112,0.7826273242837437,0.7853591160220994
mmix_0.0_0.0_0.25_0.2_0.5_both,0,[1],0.83366144,0.2419176655056148,0.6922848669878202,0.6685082872928176
mmix_0.0_0.0_0.2_0.2_0.5_both,0,[1],0.83260274,0.23009236672328529,0.6980776352050303,0.6632596685082873
mmix_0.0_0.0_0.25_0.2_0.5_both,0,[2],0.8857144,0.24411659624257684,0.6247325934972101,0.6259668508287293
mmix_0.0_0.0_0.2_0.2_0.5_both,0,[2],0.87130785,0.2462934107777837,0.646448507202859,0.6441988950276243
mmix_0.0_0.0_0.25_0.2_0.5_both,0,[0, 1],0.6992471,0.5703432308873898,0.7849987310198705,0.7795580110497238
mmix_0.0_0.0_0.3_0.2_0.5_both,0,[0, 1, 2],0.6369912,0.6499536630232141,0.801986871115386,0.7977900552486188
mmix_0.0_0.0_0.2_0.2_0.5_both,0,[0, 1],0.6978014,0.5760161967210063,0.7827918545339645,0.780939226519337
mmix_0.0_0.0_0.25_0.2_0.5_both,0,[0, 2],0.6919385,0.5673947855384253,0.778904766456562,0.7784530386740331
mmix_0.0_0.0_0.3_0.2_0.5_both,0,[0],0.71968305,0.5788478626485581,0.7879782508032687,0.788121546961326
mmix_0.0_0.0_0.2_0.2_0.5_both,0,[0, 2],0.6926455,0.5730700700795845,0.7754921043650574,0.7770718232044199
mmix_0.0_0.0_0.25_0.2_0.5_both,0,[1, 2],0.80902714,0.2907140007604289,0.6804532565387292,0.668232044198895
mmix_0.0_0.0_0.3_0.2_0.5_both,0,[1],0.8338146,0.24493553570615664,0.6884508201839385,0.6624309392265193
mmix_0.0_0.0_0.2_0.2_0.5_both,0,[1, 2],0.8061633,0.28766761109819056,0.690603605719943,0.6748618784530387
mmix_0.0_0.0_0.3_0.2_0.5_both,0,[2],0.8607833,0.2526095668477801,0.6435451625537123,0.6403314917127072
mmix_0.0_0.0_0.3_0.2_0.5_both,0,[0, 1],0.70414317,0.5662870288056143,0.7775039817678286,0.7712707182320442
mmix_0.0_0.0_0.3_0.2_0.5_both,0,[0, 2],0.69333327,0.5698843993942609,0.7835496362874695,0.7814917127071823
mmix_0.0_0.0_0.3_0.2_0.5_both,0,[1, 2],0.80703807,0.2947243019280816,0.6894347813359687,0.674585635359116
mmix_0.0_0.0_0.2_0.2_1.5_both,0,[0, 1, 2],0.63077116,0.6574855991772071,0.8124788142278793,0.8091160220994476
mmix_0.0_0.0_0.2_0.2_1.5_both,0,[0],0.7293165,0.5900435150205698,0.7809820745030872,0.7834254143646409
mmix_0.0_0.0_0.2_0.2_1.5_both,0,[1],0.83443356,0.22908713246633589,0.6968425849457135,0.6657458563535912
mmix_0.0_0.0_0.2_0.2_1.5_both,0,[2],0.86736625,0.24662829010940357,0.6440861166274267,0.6400552486187845
mmix_0.0_0.0_0.2_0.2_1.5_both,0,[0, 1],0.70096993,0.5718232592086152,0.7853263389612593,0.7828729281767955
mmix_0.0_0.0_0.2_0.2_1.5_both,0,[0, 2],0.6891504,0.5779913673300006,0.7821624227142028,0.7831491712707183
mmix_0.0_0.0_0.2_0.2_1.5_both,0,[1, 2],0.806508,0.2896965892025918,0.6921296303490396,0.6751381215469613
mmix_0.0_0.0_0.25_0.2_1.5_both,0,[0, 1, 2],0.6301852,0.6481796629998468,0.7984606047923988,0.7947513812154696
mmix_0.0_0.0_0.25_0.2_1.5_both,0,[0],0.7268111,0.5887487631838887,0.7850119409329304,0.7870165745856353
mmix_0.0_0.0_0.25_0.2_1.5_both,0,[1],0.84689057,0.21846273642683664,0.6716985959568108,0.6502762430939226
mmix_0.0_0.0_0.25_0.2_1.5_both,0,[2],0.8915209,0.23917555042559144,0.6293688932471344,0.6303867403314917
mmix_0.0_0.0_0.3_0.2_1.5_both,0,[0, 1, 2],0.6489156,0.6445603274207194,0.8025820729840355,0.7964088397790056
mmix_0.0_0.0_0.25_0.2_1.5_both,0,[0, 1],0.7043626,0.5571157633668045,0.7739755894421503,0.7707182320441989
mmix_0.0_0.0_0.3_0.2_1.5_both,0,[0],0.70791787,0.5945905536798762,0.7935059009560019,0.7941988950276243
mmix_0.0_0.0_0.25_0.2_1.5_both,0,[0, 2],0.695739,0.5634962314366132,0.7813990616505391,0.7820441988950276
mmix_0.0_0.0_0.3_0.2_1.5_both,0,[1],0.8368499,0.23243647523509023,0.695167348389981,0.6638121546961326
mmix_0.0_0.0_0.25_0.2_1.5_both,0,[1, 2],0.8152218,0.27926113564320504,0.6777093848472115,0.6679558011049723
mmix_0.0_0.0_0.3_0.2_1.5_both,0,[2],0.8742645,0.2330727370679979,0.6350505033976434,0.6312154696132597
mmix_0.0_0.0_0.3_0.2_1.5_both,0,[0, 1],0.6996324,0.5735179449145243,0.7781447981952451,0.7707182320441989
mmix_0.0_0.0_0.3_0.2_1.5_both,0,[0, 2],0.6899787,0.5705062607921558,0.7789077743919153,0.7762430939226519
mmix_0.0_0.0_0.3_0.2_1.5_both,0,[1, 2],0.80973816,0.27315858362406253,0.6904495543057743,0.6685082872928176
mmix_0.0_0.0_0.2_0.2_2.0_both,0,[0, 1, 2],0.6299464,0.6578712401549196,0.8069052510859903,0.8041436464088397
mmix_0.0_0.0_0.2_0.2_2.0_both,0,[0],0.7193805,0.5956163272958938,0.7896617145375426,0.7917127071823205
mmix_0.0_0.0_0.2_0.2_2.0_both,0,[1],0.8374847,0.22291346720923272,0.6854639670005571,0.6558011049723756
mmix_0.0_0.0_0.2_0.2_2.0_both,0,[2],0.8771647,0.23752080210239712,0.6394228054741014,0.637292817679558
mmix_0.0_0.0_0.2_0.2_2.0_both,0,[0, 1],0.69713056,0.5795327847470865,0.7882640154867114,0.7861878453038674
mmix_0.0_0.0_0.2_0.2_2.0_both,0,[0, 2],0.6892889,0.5769816943399113,0.7818158104131635,0.7828729281767955
mmix_0.0_0.0_0.2_0.2_2.0_both,0,[1, 2],0.8114582,0.27863523031495185,0.6787395859875247,0.6674033149171271
mmix_0.0_0.0_0.2_0.25_0.5_both,0,[0, 1, 2],0.6272687,0.6589161990741444,0.7997287081582178,0.7950276243093922
mmix_0.0_0.0_0.2_0.25_0.5_both,0,[0],0.7077932,0.5797316712725878,0.7907687952358013,0.7906077348066298
mmix_0.0_0.0_0.2_0.25_0.5_both,0,[1],0.83495355,0.24043699990963538,0.7045742984023299,0.6676795580110497
mmix_0.0_0.0_0.2_0.25_0.5_both,0,[2],0.8483781,0.26926071153365166,0.6514644566461152,0.6505524861878453
mmix_0.0_0.0_0.2_0.25_0.5_both,0,[0, 1],0.71117294,0.5616265241113516,0.7779625842490518,0.768232044198895
mmix_0.0_0.0_0.2_0.25_0.5_both,0,[0, 2],0.69216585,0.573385720610121,0.7816127644494436,0.7795580110497238
mmix_0.0_0.0_0.2_0.25_0.5_both,0,[1, 2],0.8059413,0.3033911877058456,0.6984977721884231,0.6765193370165746
mmix_0.0_0.0_0.2_0.25_1.5_both,0,[0, 1, 2],0.62157065,0.6606628107398345,0.8024502800112567,0.8005524861878454
mmix_0.0_0.0_0.2_0.25_1.5_both,0,[0],0.71624744,0.5839213820149765,0.7844126278283847,0.78646408839779
mmix_0.0_0.0_0.2_0.25_1.5_both,0,[1],0.8289923,0.26297429426177904,0.6929473042803911,0.6676795580110497
mmix_0.0_0.0_0.2_0.25_1.5_both,0,[2],0.85137403,0.26582220059274286,0.6472248944451647,0.6458563535911602
mmix_0.0_0.0_0.2_0.25_1.5_both,0,[0, 1],0.6973935,0.5775442825538528,0.7760402009519498,0.7734806629834254
mmix_0.0_0.0_0.2_0.25_1.5_both,0,[0, 2],0.68999135,0.5773144929318769,0.7748114099384641,0.775414364640884
mmix_0.0_0.0_0.2_0.25_1.5_both,0,[1, 2],0.8042357,0.31176457259014845,0.6881866167120648,0.6743093922651934
mmix_0.0_0.0_0.2_0.25_2.0_both,0,[0, 1, 2],0.61827314,0.6677398086908175,0.8090139868265978,0.8074585635359116
mmix_0.0_0.0_0.2_0.25_2.0_both,0,[0],0.7192961,0.5852401770438912,0.7909694273052743,0.7917127071823205
mmix_0.0_0.0_0.2_0.25_2.0_both,0,[1],0.82882047,0.25972425425247647,0.6998029297090902,0.6737569060773481
mmix_0.0_0.0_0.2_0.25_2.0_both,0,[2],0.8577024,0.25944280369126443,0.6466742546080713,0.6428176795580111
mmix_0.0_0.0_0.2_0.25_2.0_both,0,[0, 1],0.70240974,0.5720638451924998,0.7853042396649081,0.780939226519337
mmix_0.0_0.0_0.2_0.25_2.0_both,0,[0, 2],0.6910609,0.5746008729510041,0.7822911706602991,0.7806629834254144
mmix_0.0_0.0_0.2_0.25_2.0_both,0,[1, 2],0.8046608,0.3108225818348982,0.6980694706090017,0.682596685082873
mmix_0.0_0.0_0.25_0.2_2.0_both,0,[0, 1, 2],0.62860936,0.6533531149621654,0.8073154249290383,0.8069060773480663
mmix_0.0_0.0_0.25_0.2_2.0_both,0,[0],0.7327818,0.5861951569419505,0.7835795295984916,0.7853591160220994
mmix_0.0_0.0_0.25_0.2_2.0_both,0,[1],0.8346197,0.23362076006345459,0.6794406462841185,0.6593922651933701
mmix_0.0_0.0_0.3_0.2_2.0_both,0,[0, 1, 2],0.63214546,0.6575848148102629,0.8045409952993152,0.8002762430939226
mmix_0.0_0.0_0.25_0.2_2.0_both,0,[2],0.88630533,0.2409518573347325,0.6362164598993639,0.6350828729281768
mmix_0.0_0.0_0.3_0.2_2.0_both,0,[0],0.7225019,0.5961182165555379,0.7891237168612596,0.7911602209944751
mmix_0.0_0.0_0.25_0.2_2.0_both,0,[0, 1],0.70001364,0.5684319610469047,0.7798928275832031,0.7776243093922652
mmix_0.0_0.0_0.3_0.2_2.0_both,0,[1],0.8352487,0.23972945834816056,0.682393792510161,0.6616022099447514
mmix_0.0_0.0_0.25_0.2_2.0_both,0,[0, 2],0.69163406,0.5683635089100809,0.7794919587217946,0.7798342541436464
mmix_0.0_0.0_0.3_0.2_2.0_both,0,[2],0.88342434,0.2394449076425431,0.6446726469308974,0.6425414364640883
mmix_0.0_0.0_0.25_0.2_2.0_both,0,[1, 2],0.8114626,0.28419679073081244,0.6778540850749512,0.6687845303867404
mmix_0.0_0.0_0.3_0.2_2.0_both,0,[0, 1],0.6965183,0.572947271452386,0.7837512625243184,0.780939226519337
mmix_0.0_0.0_0.3_0.2_2.0_both,0,[0, 2],0.6887428,0.5735537806949482,0.7865338534550752,0.7870165745856353
mmix_0.0_0.0_0.3_0.2_2.0_both,0,[1, 2],0.8101989,0.2883105142537769,0.6834847397325298,0.6707182320441989
mmix_0.0_0.0_0.25_0.25_0.5_both,0,[0, 1, 2],0.6190615,0.66603795584105,0.8071681363504435,0.8038674033149171
mmix_0.0_0.0_0.25_0.25_0.5_both,0,[0],0.70337105,0.5882108138189485,0.7917227145931416,0.7930939226519337
mmix_0.0_0.0_0.3_0.25_0.5_both,0,[0, 1, 2],0.6234543,0.6611825791026262,0.8080665469223138,0.8044198895027624
mmix_0.0_0.0_0.25_0.25_0.5_both,0,[1],0.8297986,0.24646609574162004,0.6860052725587621,0.6593922651933701
mmix_0.0_0.0_0.3_0.25_0.5_both,0,[0],0.70971364,0.5849679650718576,0.7951311795191845,0.7955801104972375
mmix_0.0_0.0_0.25_0.25_0.5_both,0,[2],0.85427755,0.2543193866997769,0.6413637703094107,0.6395027624309392
mmix_0.0_0.0_0.3_0.25_0.5_both,0,[1],0.82892454,0.2532049551205258,0.7000683661106714,0.6668508287292818
mmix_0.0_0.0_0.25_0.25_0.5_both,0,[0, 1],0.7045989,0.5678004960042994,0.7779884166071928,0.7740331491712708
mmix_0.0_0.0_0.3_0.25_0.5_both,0,[2],0.85638934,0.24533056070506024,0.6535214739799388,0.6477900552486188
mmix_0.0_0.0_0.25_0.25_0.5_both,0,[0, 2],0.6939114,0.5704604697900636,0.779901268885803,0.7795580110497238
mmix_0.0_0.0_0.3_0.25_0.5_both,0,[0, 1],0.7059047,0.5651426789968277,0.7835533302376644,0.7762430939226519
mmix_0.0_0.0_0.25_0.25_0.5_both,0,[1, 2],0.80601305,0.2994000057718364,0.682477266285332,0.6685082872928176
mmix_0.0_0.0_0.3_0.25_0.5_both,0,[0, 2],0.6953655,0.5652363703357223,0.7853263389612593,0.7828729281767955
mmix_0.0_0.0_0.3_0.25_0.5_both,0,[1, 2],0.80638576,0.29738764055463557,0.6968537739264797,0.6759668508287293
mmix_0.0_0.0_0.25_0.25_1.5_both,0,[0, 1, 2],0.6365476,0.6596042992605209,0.8059001172217043,0.8030386740331492
mmix_0.0_0.0_0.25_0.25_1.5_both,0,[0],0.72192144,0.5899139048102099,0.790910933278978,0.791988950276243
mmix_0.0_0.0_0.25_0.25_1.5_both,0,[1],0.834395,0.2510988819488981,0.7005440778438685,0.6701657458563536
mmix_0.0_0.0_0.3_0.25_1.5_both,0,[0, 1, 2],0.62924886,0.6609608305537312,0.806697680467639,0.8022099447513812
mmix_0.0_0.0_0.25_0.25_1.5_both,0,[2],0.86329275,0.24674832011885303,0.6433882024466894,0.6367403314917127
mmix_0.0_0.0_0.3_0.25_1.5_both,0,[0],0.7165371,0.5891221111319481,0.7898373029418614,0.7911602209944751
mmix_0.0_0.0_0.3_0.25_1.5_both,0,[1],0.83708423,0.23488869939023746,0.6949088450808748,0.6646408839779006
mmix_0.0_0.0_0.25_0.25_1.5_both,0,[0, 1],0.70007974,0.5761174457393256,0.7827519479930239,0.7776243093922652
mmix_0.0_0.0_0.3_0.25_1.5_both,0,[2],0.85371137,0.24082176209195583,0.6434523975007345,0.6370165745856353
mmix_0.0_0.0_0.25_0.25_1.5_both,0,[0, 2],0.6876754,0.5776694137197219,0.7781057455013938,0.7770718232044199
mmix_0.0_0.0_0.3_0.25_1.5_both,0,[0, 1],0.70093685,0.5711592093423296,0.7783448523132613,0.7734806629834254
mmix_0.0_0.0_0.25_0.25_1.5_both,0,[1, 2],0.80797535,0.30372576257642847,0.6991487387689044,0.6790055248618785
mmix_0.0_0.0_0.3_0.25_1.5_both,0,[0, 2],0.6861793,0.5778572705311013,0.7846673566270018,0.7837016574585636
mmix_0.0_0.0_0.3_0.25_1.5_both,0,[1, 2],0.8099097,0.28327093265388,0.6986762226334576,0.6781767955801105
mmix_0.0_0.0_0.2_0.2_2.0_both,1,[0, 1, 2],0.6237108,0.6650024782697325,0.8112593660272446,0.8082872928176795
mmix_0.0_0.0_0.2_0.2_1.5_both,1,[0, 1, 2],0.63039243,0.6668975540117176,0.8112898557017313,0.8055248618784531
mmix_0.0_0.0_0.2_0.2_2.0_both,1,[0],0.72530854,0.5844892728018285,0.7903871414484417,0.7911602209944751
mmix_0.0_0.0_0.2_0.2_1.5_both,1,[0],0.7273295,0.5784370158765955,0.7878039510440377,0.7859116022099447
mmix_0.0_0.0_0.2_0.2_2.0_both,1,[1],0.8302285,0.24907072695339183,0.6829157209788337,0.6585635359116022
mmix_0.0_0.0_0.2_0.2_1.5_both,1,[1],0.8390265,0.2362872380189488,0.6630942100134737,0.6455801104972375
mmix_0.0_0.0_0.2_0.2_2.0_both,1,[2],0.86173797,0.2215200551969278,0.6467535284760642,0.637292817679558
mmix_0.0_0.0_0.2_0.2_1.5_both,1,[2],0.87314296,0.21357435836349573,0.6381157279404123,0.6281767955801105
mmix_0.0_0.0_0.2_0.2_2.0_both,1,[0, 1],0.6898233,0.5767278403521443,0.7856763814107046,0.7792817679558011
mmix_0.0_0.0_0.2_0.2_1.5_both,1,[0, 1],0.69629097,0.5685534025230372,0.7805937883297848,0.7723756906077348
mmix_0.0_0.0_0.2_0.2_2.0_both,1,[0, 2],0.6918127,0.5640737249997898,0.785490546110518,0.7814917127071823
mmix_0.0_0.0_0.2_0.2_1.5_both,1,[0, 2],0.6982911,0.5524087481649451,0.7753228683074778,0.768232044198895
mmix_0.0_0.0_0.2_0.2_1.5_both,1,[1, 2],0.81029886,0.2762766224326453,0.6896827464106023,0.6668508287292818
mmix_0.0_0.0_0.2_0.2_2.0_both,1,[1, 2],0.80305165,0.2866060511174821,0.6949883984064161,0.669060773480663
mmix_0.0_0.0_0.2_0.2_2.0_both,2,[0, 1, 2],0.63077253,0.6554354866172213,0.8071887368121088,0.8058011049723757
mmix_0.0_0.0_0.2_0.2_2.0_both,2,[0],0.74364793,0.5680232725281869,0.7781156975470475,0.7806629834254144
mmix_0.0_0.0_0.2_0.2_2.0_both,2,[1],0.83778226,0.22347102751603498,0.6782970106101429,0.6488950276243094
mmix_0.0_0.0_0.2_0.2_1.5_both,2,[0, 1, 2],0.626745,0.656324160802829,0.8136138002145522,0.8110497237569061
mmix_0.0_0.0_0.2_0.2_2.0_both,2,[2],0.85533816,0.2254299034132795,0.6569565421646341,0.637292817679558
mmix_0.0_0.0_0.2_0.2_1.5_both,2,[0],0.73505896,0.5716447517802693,0.7733712753076014,0.7762430939226519
mmix_0.0_0.0_0.2_0.2_2.0_both,2,[0, 1],0.7037931,0.5547289059548117,0.7806066698277576,0.7773480662983425
mmix_0.0_0.0_0.2_0.2_1.5_both,2,[1],0.8375413,0.24442741081690864,0.6680777444231714,0.6538674033149171
mmix_0.0_0.0_0.2_0.2_2.0_both,2,[0, 2],0.7032158,0.5415251570294369,0.7760545775128306,0.7723756906077348
mmix_0.0_0.0_0.2_0.2_1.5_both,2,[2],0.85088885,0.23554133748222636,0.6520501143240904,0.6378453038674033
mmix_0.0_0.0_0.2_0.2_2.0_both,2,[1, 2],0.8082324,0.2691327562386841,0.6945977236198958,0.6602209944751382
mmix_0.0_0.0_0.2_0.2_1.5_both,2,[0, 1],0.70089626,0.5624432803053642,0.7804027995048813,0.7790055248618785
mmix_0.0_0.0_0.2_0.2_1.5_both,2,[0, 2],0.69883597,0.549055207783211,0.7787550971118123,0.7765193370165746
mmix_0.0_0.0_0.2_0.2_1.5_both,2,[1, 2],0.8051265,0.28768970812181216,0.7017172157719938,0.6781767955801105
mmix_0.0_0.0_0.2_0.2_2.0_both,3,[0, 1, 2],0.63227946,0.6577099579921436,0.8077480979931319,0.8066298342541437
mmix_0.0_0.0_0.2_0.2_2.0_both,3,[0],0.70159715,0.5879612822451818,0.7811369617893152,0.7820441988950276
mmix_0.0_0.0_0.2_0.2_2.0_both,3,[1],0.8385184,0.23990167061498446,0.694800488102894,0.6651933701657459
mmix_0.0_0.0_0.2_0.2_2.0_both,3,[2],0.8612003,0.22727144866484256,0.6434972960233349,0.6350828729281768
mmix_0.0_0.0_0.2_0.2_2.0_both,3,[0, 1],0.70194495,0.572477610918196,0.7745683643289057,0.7649171270718232
mmix_0.0_0.0_0.2_0.2_2.0_both,3,[0, 2],0.69656295,0.558168133865485,0.7718422538437952,0.7665745856353591
mmix_0.0_0.0_0.2_0.2_1.5_both,3,[0, 1, 2],0.63208294,0.6562120189249578,0.8017062651027447,0.8011049723756906
mmix_0.0_0.0_0.2_0.2_2.0_both,3,[1, 2],0.80932415,0.28001706407191307,0.7022014856880414,0.6718232044198895
mmix_0.0_0.0_0.2_0.2_1.5_both,3,[0],0.7117643,0.5870934540620149,0.7791825755836244,0.7798342541436464
mmix_0.0_0.0_0.2_0.2_1.5_both,3,[1],0.84044975,0.2381550951657704,0.7044151688521954,0.6674033149171271
mmix_0.0_0.0_0.2_0.2_1.5_both,3,[2],0.8598542,0.23599144569530148,0.6494777417450042,0.6422651933701657
mmix_0.0_0.0_0.2_0.2_1.5_both,3,[0, 1],0.70348287,0.5730512307458958,0.7780170508360658,0.7674033149171271
mmix_0.0_0.0_0.2_0.2_1.5_both,3,[0, 2],0.69296235,0.5648204870058909,0.7769111554839729,0.7720994475138122
mmix_0.0_0.0_0.2_0.2_1.5_both,3,[1, 2],0.8089352,0.2843902431124727,0.705591214386307,0.6740331491712708
mmix_0.0_0.0_0.2_0.2_2.0_both,4,[0, 1, 2],0.62998796,0.6652808464787807,0.8158635661302678,0.8124309392265193
mmix_0.0_0.0_0.2_0.2_2.0_both,4,[0],0.71754175,0.5742313162943388,0.7831656685804972,0.7831491712707183
mmix_0.0_0.0_0.2_0.2_2.0_both,4,[1],0.8294325,0.2477822180610761,0.6976471586724204,0.6607734806629835
mmix_0.0_0.0_0.2_0.2_2.0_both,4,[2],0.8770642,0.23466267845041042,0.6523996583683394,0.6406077348066298
mmix_0.0_0.0_0.2_0.2_2.0_both,4,[0, 1],0.7007468,0.5603824757944604,0.7825567486794055,0.7743093922651934
mmix_0.0_0.0_0.2_0.2_1.5_both,4,[0, 1, 2],0.6388627,0.6678064370550469,0.8165916470515512,0.8140883977900553
mmix_0.0_0.0_0.2_0.2_2.0_both,4,[0, 2],0.69797796,0.5470836851644925,0.7741633690619725,0.7685082872928177
mmix_0.0_0.0_0.2_0.2_1.5_both,4,[0],0.7224753,0.574317907937225,0.7844183633030319,0.7839779005524862
mmix_0.0_0.0_0.2_0.2_2.0_both,4,[1, 2],0.8035342,0.2921891129790022,0.7034712985613492,0.6723756906077348
mmix_0.0_0.0_0.2_0.2_1.5_both,4,[1],0.8353167,0.24195104552482147,0.6967518640187871,0.6621546961325967
mmix_0.0_0.0_0.2_0.2_1.5_both,4,[2],0.867296,0.2471219923679015,0.6708087757972896,0.6544198895027624
mmix_0.0_0.0_0.2_0.2_1.5_both,4,[0, 1],0.7023723,0.5608246981531495,0.7889692031975384,0.7801104972375691
mmix_0.0_0.0_0.2_0.2_1.5_both,4,[0, 2],0.69745386,0.5512349763118695,0.7756421603881675,0.7662983425414365
mmix_0.0_0.0_0.2_0.2_1.5_both,4,[1, 2],0.80500793,0.2963008303416548,0.7106291967296519,0.674585635359116
mmix_0.0_0.0_0.2_0.25_2.0_both_1,1,[0, 1, 2],0.6325976,0.6713336443888455,0.808587681655372,0.8030386740331492
mmix_0.0_0.0_0.2_0.2_2.0_both_1,1,[0, 1, 2],0.6237108,0.6650024782697325,0.8112593660272446,0.8082872928176795
mmix_0.0_0.0_0.2_0.25_2.0_both_1,1,[0],0.71840453,0.5816801543186441,0.7875229885922269,0.787292817679558
mmix_0.0_0.0_0.2_0.2_2.0_both_1,1,[0],0.72530854,0.5844892728018285,0.7903871414484417,0.7911602209944751
mmix_0.0_0.0_0.2_0.25_2.0_both_1,1,[1],0.8272099,0.2547393564003387,0.6789561832411991,0.6569060773480663
mmix_0.0_0.0_0.2_0.2_2.0_both_1,1,[1],0.8302285,0.24907072695339183,0.6829157209788337,0.6585635359116022
mmix_0.0_0.0_0.2_0.25_2.0_both_1,1,[2],0.8539211,0.22847313140586253,0.6524467051437558,0.6367403314917127
mmix_0.0_0.0_0.2_0.2_2.0_both_1,1,[2],0.86173797,0.2215200551969278,0.6467535284760642,0.637292817679558
mmix_0.0_0.0_0.2_0.25_2.0_both_1,1,[0, 1],0.69255066,0.5756136933629495,0.7856174099275278,0.7792817679558011
mmix_0.0_0.0_0.2_0.2_2.0_both_1,1,[0, 1],0.6898233,0.5767278403521443,0.7856763814107046,0.7792817679558011
mmix_0.0_0.0_0.2_0.25_2.0_both_1,1,[0, 2],0.69727236,0.5599325421601664,0.7750712825796272,0.768232044198895
mmix_0.0_0.0_0.2_0.2_2.0_both_1,1,[0, 2],0.6918127,0.5640737249997898,0.785490546110518,0.7814917127071823
mmix_0.0_0.0_0.2_0.25_2.0_both_1,1,[1, 2],0.8041189,0.28861060337861083,0.6939689879084029,0.664364640883978
mmix_0.0_0.0_0.2_0.2_2.0_both_1,1,[1, 2],0.80305165,0.2866060511174821,0.6949883984064161,0.669060773480663
mmix_0.0_0.0_0.2_0.25_2.0_both_2,2,[0, 1, 2],0.6190484,0.6653691827788959,0.8073836115444238,0.8027624309392265
mmix_0.0_0.0_0.2_0.2_2.0_both_2,2,[0, 1, 2],0.63077253,0.6554354866172213,0.8071887368121088,0.8058011049723757
mmix_0.0_0.0_0.2_0.25_2.0_both_2,2,[0],0.7210827,0.5764713334247329,0.7809347945063726,0.782596685082873
mmix_0.0_0.0_0.2_0.2_2.0_both_2,2,[0],0.74364793,0.5680232725281869,0.7781156975470475,0.7806629834254144
mmix_0.0_0.0_0.2_0.25_2.0_both_2,2,[1],0.824415,0.25182468045943274,0.6828419151463333,0.656353591160221
mmix_0.0_0.0_0.2_0.2_2.0_both_2,2,[1],0.83778226,0.22347102751603498,0.6782970106101429,0.6488950276243094
mmix_0.0_0.0_0.2_0.25_2.0_both_2,2,[2],0.84278595,0.2438127928732633,0.6577814785521261,0.644475138121547
mmix_0.0_0.0_0.2_0.2_2.0_both_2,2,[2],0.85533816,0.2254299034132795,0.6569565421646341,0.637292817679558
mmix_0.0_0.0_0.2_0.25_2.0_both_2,2,[0, 1],0.6958133,0.5740378181296961,0.7832976228358285,0.7803867403314917
mmix_0.0_0.0_0.2_0.2_2.0_both_2,2,[0, 1],0.7037931,0.5547289059548117,0.7806066698277576,0.7773480662983425
mmix_0.0_0.0_0.2_0.25_2.0_both_2,2,[0, 2],0.69343305,0.562469560223449,0.7852525463182835,0.782596685082873
mmix_0.0_0.0_0.2_0.2_2.0_both_2,2,[0, 2],0.7032158,0.5415251570294369,0.7760545775128306,0.7723756906077348
mmix_0.0_0.0_0.2_0.25_2.0_both_2,2,[1, 2],0.8001334,0.302088681778541,0.7007397362986301,0.6759668508287293
mmix_0.0_0.0_0.2_0.2_2.0_both_2,2,[1, 2],0.8082324,0.2691327562386841,0.6945977236198958,0.6602209944751382
mmix_0.0_0.0_0.2_0.2_2.0_both_3,3,[0, 1, 2],0.63227946,0.6577099579921436,0.8077480979931319,0.8066298342541437
mmix_0.0_0.0_0.2_0.25_2.0_both_3,3,[0, 1, 2],0.64969224,0.6665921190133525,0.8088539268723143,0.8066298342541437
mmix_0.0_0.0_0.2_0.2_2.0_both_3,3,[0],0.70159715,0.5879612822451818,0.7811369617893152,0.7820441988950276
mmix_0.0_0.0_0.2_0.25_2.0_both_3,3,[0],0.7228886,0.5954088745761301,0.795087112215861,0.7958563535911602
mmix_0.0_0.0_0.2_0.2_2.0_both_3,3,[1],0.8385184,0.23990167061498446,0.694800488102894,0.6651933701657459
mmix_0.0_0.0_0.2_0.25_2.0_both_3,3,[1],0.8363159,0.26440330391911754,0.6854210520938159,0.6629834254143646
mmix_0.0_0.0_0.2_0.25_2.0_both_3,3,[2],0.8758427,0.23303395131997834,0.645178714887972,0.6411602209944751
mmix_0.0_0.0_0.2_0.2_2.0_both_3,3,[2],0.8612003,0.22727144866484256,0.6434972960233349,0.6350828729281768
mmix_0.0_0.0_0.2_0.25_2.0_both_3,3,[0, 1],0.6895694,0.5871952831997781,0.7779504175372034,0.7726519337016574
mmix_0.0_0.0_0.2_0.2_2.0_both_3,3,[0, 1],0.70194495,0.572477610918196,0.7745683643289057,0.7649171270718232
mmix_0.0_0.0_0.2_0.25_2.0_both_3,3,[0, 2],0.68952477,0.5710144866710574,0.7820692464399066,0.7792817679558011
mmix_0.0_0.0_0.2_0.2_2.0_both_3,3,[0, 2],0.69656295,0.558168133865485,0.7718422538437952,0.7665745856353591
mmix_0.0_0.0_0.2_0.25_2.0_both_3,3,[1, 2],0.81231636,0.29438839615609225,0.7007021876220771,0.6806629834254143
mmix_0.0_0.0_0.2_0.2_2.0_both_3,3,[1, 2],0.80932415,0.28001706407191307,0.7022014856880414,0.6718232044198895
mmix_0.0_0.0_0.2_0.25_2.0_both_4,4,[0, 1, 2],0.63018936,0.6678407230148928,0.8092408949552207,0.8055248618784531
mmix_0.0_0.0_0.2_0.2_2.0_both_4,4,[0, 1, 2],0.62998796,0.6652808464787807,0.8158635661302678,0.8124309392265193
mmix_0.0_0.0_0.2_0.25_2.0_both_4,4,[0],0.7109832,0.5810739106509212,0.7864491954531849,0.787292817679558
mmix_0.0_0.0_0.2_0.2_2.0_both_4,4,[0],0.71754175,0.5742313162943388,0.7831656685804972,0.7831491712707183
mmix_0.0_0.0_0.2_0.25_2.0_both_4,4,[1],0.82710934,0.25490034404790546,0.6903405156922559,0.6588397790055248
mmix_0.0_0.0_0.2_0.2_2.0_both_4,4,[1],0.8294325,0.2477822180610761,0.6976471586724204,0.6607734806629835
mmix_0.0_0.0_0.2_0.25_2.0_both_4,4,[2],0.83703667,0.2602147710694347,0.6589832229855146,0.6439226519337017
mmix_0.0_0.0_0.2_0.2_2.0_both_4,4,[2],0.8770642,0.23466267845041042,0.6523996583683394,0.6406077348066298
mmix_0.0_0.0_0.2_0.25_2.0_both_4,4,[0, 1],0.6987572,0.5732679856481645,0.7878802743487425,0.782596685082873
mmix_0.0_0.0_0.2_0.2_2.0_both_4,4,[0, 1],0.7007468,0.5603824757944604,0.7825567486794055,0.7743093922651934
mmix_0.0_0.0_0.2_0.25_2.0_both_4,4,[0, 2],0.69327855,0.5685791873819855,0.7821077854090566,0.7776243093922652
mmix_0.0_0.0_0.2_0.2_2.0_both_4,4,[0, 2],0.69797796,0.5470836851644925,0.7741633690619725,0.7685082872928177
mmix_0.0_0.0_0.2_0.25_2.0_both_4,4,[1, 2],0.80070597,0.30876063986154234,0.7003903859832583,0.6665745856353591
mmix_0.0_0.0_0.2_0.2_2.0_both_4,4,[1, 2],0.8035342,0.2921891129790022,0.7034712985613492,0.6723756906077348
