gmc_l,0,[0],0.996777355670929
gmc_l,0,[1],0.8918542861938477
gmc_l,0,[2],0.997753918170929
gmc_l,0,[0, 1],0.9901367425918579
gmc_l,0,[1, 2],0.990205705165863
gmc_l,0,[0, 2],0.9990234375
gmc_l,0,[0, 1, 2],0.99951171875
mmix_l_01,0,[0],0.9948356747627258
mmix_l_10,0,[0],0.993945300579071
mmix_l_01,0,[1],0.8810892105102539
mmix_l_10,0,[1],0.8582434058189392
mmix_l_20,0,[0],0.993457019329071
mmix_l_01,0,[2],0.9925895929336548
mmix_l_05,0,[0],0.9950195550918579
mmix_l_10,0,[2],0.995312511920929
mmix_l_20,0,[1],0.830646812915802
mmix_l_01,0,[0, 1],0.9850298762321472
mmix_l_05,0,[1],0.8614544868469238
mmix_l_10,0,[0, 1],0.9847369194030762
mmix_l_20,0,[2],0.995898425579071
mmix_l_01,0,[1, 2],0.9845530390739441
mmix_l_05,0,[2],0.9932962656021118
mmix_l_10,0,[1, 2],0.9838350415229797
mmix_l_20,0,[0, 1],0.9738683700561523
mmix_l_01,0,[0, 2],0.996777355670929
mmix_l_05,0,[0, 1],0.9852136969566345
mmix_l_10,0,[0, 2],0.998242199420929
mmix_l_20,0,[1, 2],0.9752010703086853
mmix_l_01,0,[0, 1, 2],0.9988395571708679
mmix_l_05,0,[1, 2],0.9843577742576599
mmix_l_10,0,[0, 1, 2],0.999316394329071
mmix_l_20,0,[0, 2],0.9976562857627869
mmix_l_05,0,[0, 2],0.9971794486045837
mmix_l_20,0,[0, 1, 2],0.998046875
mmix_l_05,0,[0, 1, 2],0.998828113079071
gmc_l,1,[0],0.9971680045127869
gmc_l,1,[1],0.8923196792602539
gmc_l,1,[2],0.997851550579071
gmc_l,1,[0, 1],0.9880572557449341
gmc_l,1,[1, 2],0.9878503680229187
gmc_l,1,[0, 2],0.998730480670929
gmc_l,1,[0, 1, 2],0.9994140863418579
mmix_l_01,1,[0],0.994335949420929
mmix_l_10,1,[0],0.994140625
mmix_l_20,1,[0],0.995410144329071
mmix_l_10,1,[1],0.847248375415802
mmix_l_01,1,[1],0.8683077096939087
mmix_l_05,1,[0],0.9959961175918579
mmix_l_20,1,[1],0.8443359732627869
mmix_l_10,1,[2],0.9956169128417969
mmix_l_01,1,[2],0.993847668170929
mmix_l_05,1,[1],0.8589614033699036
mmix_l_20,1,[2],0.9961914420127869
mmix_l_10,1,[0, 1],0.9814510345458984
mmix_l_01,1,[0, 1],0.982990562915802
mmix_l_05,1,[2],0.9948356747627258
mmix_l_20,1,[0, 1],0.9847885966300964
mmix_l_10,1,[1, 2],0.982881486415863
mmix_l_01,1,[1, 2],0.9846277236938477
mmix_l_05,1,[0, 1],0.9854952096939087
mmix_l_20,1,[1, 2],0.9836511611938477
mmix_l_10,1,[0, 2],0.9974724054336548
mmix_l_01,1,[0, 2],0.997851550579071
mmix_l_05,1,[1, 2],0.9848230481147766
mmix_l_20,1,[0, 2],0.998339831829071
mmix_l_10,1,[0, 1, 2],0.998242199420929
mmix_l_01,1,[0, 1, 2],0.9986328482627869
mmix_l_05,1,[0, 2],0.998730480670929
mmix_l_20,1,[0, 1, 2],0.998828113079071
mmix_l_05,1,[0, 1, 2],0.9990234375
gmc_l,2,[0],0.99658203125
gmc_l,2,[1],0.8841050267219543
gmc_l,2,[2],0.99853515625
gmc_l,2,[0, 1],0.9911478161811829
gmc_l,2,[1, 2],0.9909409880638123
gmc_l,2,[0, 2],0.9989258050918579
gmc_l,2,[0, 1, 2],0.999707043170929
mmix_l_01,2,[0],0.9928825497627258
mmix_l_01,2,[1],0.8743910789489746
mmix_l_01,2,[2],0.9740177392959595
mmix_l_10,2,[0],0.9944450259208679
mmix_l_01,2,[0, 1],0.9857019782066345
mmix_l_20,2,[0],0.9940429925918579
mmix_l_10,2,[1],0.8479146957397461
mmix_l_01,2,[1, 2],0.9843347668647766
mmix_l_05,2,[0],0.9941520690917969
mmix_l_20,2,[1],0.8557731509208679
mmix_l_10,2,[2],0.994921863079071
mmix_l_01,2,[0, 2],0.9951171875
mmix_l_05,2,[1],0.8440486788749695
mmix_l_20,2,[2],0.9955078363418579
mmix_l_10,2,[0, 1],0.9827837944030762
mmix_l_01,2,[0, 1, 2],0.997363269329071
mmix_l_05,2,[2],0.9939567446708679
mmix_l_20,2,[0, 1],0.9812960028648376
mmix_l_10,2,[1, 2],0.9824046492576599
mmix_l_05,2,[0, 1],0.9809053540229797
mmix_l_20,2,[1, 2],0.9826631546020508
mmix_l_10,2,[0, 2],0.997753918170929
mmix_l_05,2,[1, 2],0.981330394744873
mmix_l_20,2,[0, 2],0.9979492425918579
mmix_l_10,2,[0, 1, 2],0.9988395571708679
mmix_l_05,2,[0, 2],0.9976562857627869
mmix_l_20,2,[0, 1, 2],0.9980583190917969
mmix_l_05,2,[0, 1, 2],0.9981445670127869
gmc_l,3,[0],0.996874988079071
gmc_l,3,[1],0.8753849267959595
gmc_l,3,[2],0.996289074420929
gmc_l,3,[0, 1],0.9874483346939087
gmc_l,3,[1, 2],0.987827479839325
gmc_l,3,[0, 2],0.99853515625
gmc_l,3,[0, 1, 2],0.9994140863418579
mmix_l_01,3,[0],0.9945312738418579
mmix_l_01,3,[1],0.8717486262321472
mmix_l_01,3,[2],0.9917969107627869
mmix_l_01,3,[0, 1],0.984162449836731
mmix_l_10,3,[0],0.9951171875
mmix_l_01,3,[1, 2],0.9863740801811218
mmix_l_10,3,[1],0.8572379946708679
mmix_l_20,3,[0],0.994433581829071
mmix_l_01,3,[0, 2],0.997753918170929
mmix_l_05,3,[0],0.9951171875
mmix_l_10,3,[2],0.9951171875
mmix_l_20,3,[1],0.8469840884208679
mmix_l_01,3,[0, 1, 2],0.998339831829071
mmix_l_05,3,[1],0.8635282516479492
mmix_l_10,3,[0, 1],0.9826114773750305
mmix_l_20,3,[2],0.9940544366836548
mmix_l_05,3,[2],0.9952148795127869
mmix_l_10,3,[1, 2],0.9831744432449341
mmix_l_20,3,[0, 1],0.9812557101249695
mmix_l_05,3,[0, 1],0.9855296015739441
mmix_l_10,3,[0, 2],0.9979492425918579
mmix_l_20,3,[1, 2],0.979900062084198
mmix_l_05,3,[1, 2],0.9881204962730408
mmix_l_10,3,[0, 1, 2],0.998730480670929
mmix_l_20,3,[0, 2],0.9971680045127869
mmix_l_05,3,[0, 2],0.9984375238418579
mmix_l_20,3,[0, 1, 2],0.9974724054336548
mmix_l_05,3,[0, 1, 2],0.9989258050918579
gmc_l,4,[0],0.9971680045127869
gmc_l,4,[1],0.8895508050918579
gmc_l,4,[2],0.998242199420929
gmc_l,4,[0, 1],0.9885110855102539
gmc_l,4,[1, 2],0.989780604839325
mmix_l_01,4,[0],0.9929801821708679
gmc_l,4,[0, 2],0.9990234375
mmix_l_01,4,[1],0.8668658137321472
gmc_l,4,[0, 1, 2],0.999804675579071
mmix_l_01,4,[2],0.9921989440917969
mmix_l_01,4,[0, 1],0.983921229839325
mmix_l_01,4,[1, 2],0.9845933318138123
mmix_l_01,4,[0, 2],0.9964843988418579
mmix_l_10,4,[0],0.9947265982627869
mmix_l_01,4,[0, 1, 2],0.9981560111045837
mmix_l_10,4,[1],0.8537740707397461
mmix_l_10,4,[2],0.9961914420127869
mmix_l_05,4,[0],0.9925034642219543
mmix_l_20,4,[0],0.9945312738418579
mmix_l_10,4,[0, 1],0.9825138449668884
mmix_l_05,4,[1],0.8398839831352234
mmix_l_20,4,[1],0.8447380065917969
mmix_l_10,4,[1, 2],0.9821346402168274
mmix_l_05,4,[2],0.992480456829071
mmix_l_20,4,[2],0.9964843988418579
mmix_l_10,4,[0, 2],0.9979492425918579
mmix_l_05,4,[0, 1],0.9803308844566345
mmix_l_20,4,[0, 1],0.9821863174438477
mmix_l_05,4,[1, 2],0.9786822199821472
mmix_l_10,4,[0, 1, 2],0.9976677298545837
mmix_l_20,4,[1, 2],0.9826745986938477
mmix_l_05,4,[0, 2],0.9969726800918579
mmix_l_20,4,[0, 2],0.997753918170929
mmix_l_05,4,[0, 1, 2],0.9977769255638123
mmix_l_20,4,[0, 1, 2],0.998730480670929
