gmc_l_lr1e-3_wd0.0,0,[0],0.996777355670929
gmc_l_lr1e-3_wd0.0,0,[1],0.8918542861938477
gmc_l_lr1e-3_wd0.0,0,[2],0.997753918170929
mmix_nl_10_lr1e-3_wd0.0,0,[0],0.9942383170127869
mmix_nl_05_lr1e-3_wd0.0,0,[0],0.994824230670929
gmc_l_lr1e-3_wd0.0,0,[0, 1],0.9901367425918579
mmix_nl_05_lr1e-3_wd0.0,0,[1],0.8704215884208679
mmix_nl_10_lr1e-3_wd0.0,0,[1],0.8596220016479492
gmc_l_lr1e-3_wd0.0,0,[1, 2],0.990205705165863
mmix_nl_05_lr1e-3_wd0.0,0,[2],0.9962028861045837
mmix_nl_10_lr1e-3_wd0.0,0,[2],0.9960075616836548
gmc_l_lr1e-3_wd0.0,0,[0, 2],0.9990234375
mmix_nl_10_lr1e-3_wd0.0,0,[0, 1],0.9862650036811829
mmix_nl_05_lr1e-3_wd0.0,0,[0, 1],0.9885972142219543
gmc_l_lr1e-3_wd0.0,0,[0, 1, 2],0.99951171875
mmix_nl_05_lr1e-3_wd0.0,0,[1, 2],0.9909409880638123
mmix_nl_10_lr1e-3_wd0.0,0,[1, 2],0.9860811233520508
mmix_nl_05_lr1e-3_wd0.0,0,[0, 2],0.998046875
mmix_nl_10_lr1e-3_wd0.0,0,[0, 2],0.998046875
mmix_nl_05_lr1e-3_wd0.0,0,[0, 1, 2],0.9994140863418579
mmix_nl_10_lr1e-3_wd0.0,0,[0, 1, 2],0.9988511204719543
mmix_l_10_lr1e-3_wd0.0,0,[0],0.993945300579071
gmc_nl_lr1e-3_wd0.0,0,[0],0.998046875
mmix_l_05_lr1e-3_wd0.0,0,[0],0.9950195550918579
mmix_l_10_lr1e-3_wd0.0,0,[1],0.8582434058189392
gmc_nl_lr1e-3_wd0.0,0,[1],0.8942497372627258
mmix_l_05_lr1e-3_wd0.0,0,[1],0.8614544868469238
mmix_l_10_lr1e-3_wd0.0,0,[2],0.995312511920929
gmc_nl_lr1e-3_wd0.0,0,[2],0.998339831829071
mmix_l_05_lr1e-3_wd0.0,0,[2],0.9932962656021118
mmix_l_10_lr1e-3_wd0.0,0,[0, 1],0.9847369194030762
gmc_nl_lr1e-3_wd0.0,0,[0, 1],0.9914522171020508
mmix_l_05_lr1e-3_wd0.0,0,[0, 1],0.9852136969566345
mmix_l_10_lr1e-3_wd0.0,0,[1, 2],0.9838350415229797
gmc_nl_lr1e-3_wd0.0,0,[1, 2],0.9914522171020508
mmix_l_05_lr1e-3_wd0.0,0,[1, 2],0.9843577742576599
mmix_l_10_lr1e-3_wd0.0,0,[0, 2],0.998242199420929
gmc_nl_lr1e-3_wd0.0,0,[0, 2],0.9994140863418579
mmix_l_05_lr1e-3_wd0.0,0,[0, 2],0.9971794486045837
mmix_l_10_lr1e-3_wd0.0,0,[0, 1, 2],0.999316394329071
gmc_nl_lr1e-3_wd0.0,0,[0, 1, 2],0.999804675579071
mmix_l_05_lr1e-3_wd0.0,0,[0, 1, 2],0.998828113079071
mmix_nl_10_lr1e-3_wd1e-3,0,[0],0.9942383170127869
mmix_nl_05_lr1e-3_wd1e-3,0,[0],0.994824230670929
mmix_nl_10_lr1e-3_wd1e-3,0,[1],0.8596220016479492
mmix_nl_05_lr1e-3_wd1e-3,0,[1],0.8704215884208679
mmix_nl_10_lr1e-3_wd1e-3,0,[2],0.9960075616836548
gmc_l_lr1e-3_wd1e-3,0,[0],0.9970703125
mmix_nl_05_lr1e-3_wd1e-3,0,[2],0.9962028861045837
mmix_nl_10_lr1e-3_wd1e-3,0,[0, 1],0.9862650036811829
gmc_l_lr1e-3_wd1e-3,0,[1],0.8769704103469849
mmix_nl_05_lr1e-3_wd1e-3,0,[0, 1],0.9885972142219543
mmix_nl_10_lr1e-3_wd1e-3,0,[1, 2],0.9860811233520508
gmc_l_lr1e-3_wd1e-3,0,[2],0.9913545846939087
mmix_nl_05_lr1e-3_wd1e-3,0,[1, 2],0.9909409880638123
mmix_nl_10_lr1e-3_wd1e-3,0,[0, 2],0.998046875
gmc_l_lr1e-3_wd1e-3,0,[0, 1],0.9919175505638123
mmix_nl_05_lr1e-3_wd1e-3,0,[0, 2],0.998046875
mmix_nl_10_lr1e-3_wd1e-3,0,[0, 1, 2],0.9988511204719543
gmc_l_lr1e-3_wd1e-3,0,[1, 2],0.9904527068138123
mmix_nl_05_lr1e-3_wd1e-3,0,[0, 1, 2],0.9994140863418579
gmc_l_lr1e-3_wd1e-3,0,[0, 2],0.997753918170929
gmc_l_lr1e-3_wd1e-3,0,[0, 1, 2],0.9990234375
mmix_l_10_lr1e-3_wd1e-3,0,[0],0.993945300579071
mmix_l_10_lr1e-3_wd1e-3,0,[1],0.8582434058189392
mmix_l_05_lr1e-3_wd1e-3,0,[0],0.9950195550918579
mmix_l_10_lr1e-3_wd1e-3,0,[2],0.995312511920929
mmix_l_05_lr1e-3_wd1e-3,0,[1],0.8614544868469238
mmix_l_10_lr1e-3_wd1e-3,0,[0, 1],0.9847369194030762
mmix_l_05_lr1e-3_wd1e-3,0,[2],0.9932962656021118
gmc_nl_lr1e-3_wd1e-3,0,[0],0.9969726800918579
mmix_l_10_lr1e-3_wd1e-3,0,[1, 2],0.9838350415229797
mmix_l_05_lr1e-3_wd1e-3,0,[0, 1],0.9852136969566345
gmc_nl_lr1e-3_wd1e-3,0,[1],0.8870002627372742
mmix_l_10_lr1e-3_wd1e-3,0,[0, 2],0.998242199420929
mmix_l_05_lr1e-3_wd1e-3,0,[1, 2],0.9843577742576599
gmc_nl_lr1e-3_wd1e-3,0,[2],0.9905503392219543
mmix_l_10_lr1e-3_wd1e-3,0,[0, 1, 2],0.999316394329071
mmix_l_05_lr1e-3_wd1e-3,0,[0, 2],0.9971794486045837
gmc_nl_lr1e-3_wd1e-3,0,[0, 1],0.9954331517219543
mmix_l_05_lr1e-3_wd1e-3,0,[0, 1, 2],0.998828113079071
gmc_nl_lr1e-3_wd1e-3,0,[1, 2],0.9943473935127258
gmc_nl_lr1e-3_wd1e-3,0,[0, 2],0.9981445670127869
gmc_nl_lr1e-3_wd1e-3,0,[0, 1, 2],0.999707043170929
mmix_nl_10_lr1e-3_wd1e-4,0,[0],0.9942383170127869
mmix_nl_10_lr1e-3_wd1e-4,0,[1],0.8596220016479492
mmix_nl_10_lr1e-3_wd1e-4,0,[2],0.9960075616836548
mmix_nl_05_lr1e-3_wd1e-4,0,[0],0.994824230670929
mmix_nl_10_lr1e-3_wd1e-4,0,[0, 1],0.9862650036811829
mmix_nl_05_lr1e-3_wd1e-4,0,[1],0.8704215884208679
mmix_nl_10_lr1e-3_wd1e-4,0,[1, 2],0.9860811233520508
mmix_nl_05_lr1e-3_wd1e-4,0,[2],0.9962028861045837
mmix_nl_10_lr1e-3_wd1e-4,0,[0, 2],0.998046875
mmix_nl_05_lr1e-3_wd1e-4,0,[0, 1],0.9885972142219543
gmc_l_lr1e-3_wd1e-4,0,[0],0.9977653622627258
mmix_nl_10_lr1e-3_wd1e-4,0,[0, 1, 2],0.9988511204719543
mmix_nl_05_lr1e-3_wd1e-4,0,[1, 2],0.9909409880638123
gmc_l_lr1e-3_wd1e-4,0,[1],0.9063016772270203
mmix_nl_05_lr1e-3_wd1e-4,0,[0, 2],0.998046875
gmc_l_lr1e-3_wd1e-4,0,[2],0.9971794486045837
mmix_nl_05_lr1e-3_wd1e-4,0,[0, 1, 2],0.9994140863418579
gmc_l_lr1e-3_wd1e-4,0,[0, 1],0.9922966361045837
gmc_l_lr1e-3_wd1e-4,0,[1, 2],0.9921989440917969
gmc_l_lr1e-3_wd1e-4,0,[0, 2],0.9990234375
gmc_l_lr1e-3_wd1e-4,0,[0, 1, 2],0.9991211295127869
mmix_l_10_lr1e-3_wd1e-4,0,[0],0.993945300579071
mmix_l_10_lr1e-3_wd1e-4,0,[1],0.8582434058189392
mmix_l_10_lr1e-3_wd1e-4,0,[2],0.995312511920929
mmix_l_05_lr1e-3_wd1e-4,0,[0],0.9950195550918579
mmix_l_10_lr1e-3_wd1e-4,0,[0, 1],0.9847369194030762
mmix_l_05_lr1e-3_wd1e-4,0,[1],0.8614544868469238
mmix_l_10_lr1e-3_wd1e-4,0,[1, 2],0.9838350415229797
mmix_l_05_lr1e-3_wd1e-4,0,[2],0.9932962656021118
mmix_l_10_lr1e-3_wd1e-4,0,[0, 2],0.998242199420929
mmix_l_05_lr1e-3_wd1e-4,0,[0, 1],0.9852136969566345
mmix_l_10_lr1e-3_wd1e-4,0,[0, 1, 2],0.999316394329071
mmix_l_05_lr1e-3_wd1e-4,0,[1, 2],0.9843577742576599
gmc_nl_lr1e-3_wd1e-4,0,[0],0.9981445670127869
mmix_l_05_lr1e-3_wd1e-4,0,[0, 2],0.9971794486045837
gmc_nl_lr1e-3_wd1e-4,0,[1],0.8865751624107361
mmix_l_05_lr1e-3_wd1e-4,0,[0, 1, 2],0.998828113079071
gmc_nl_lr1e-3_wd1e-4,0,[2],0.9984375238418579
gmc_nl_lr1e-3_wd1e-4,0,[0, 1],0.9883502125740051
gmc_nl_lr1e-3_wd1e-4,0,[1, 2],0.9885455369949341
gmc_nl_lr1e-3_wd1e-4,0,[0, 2],0.99951171875
gmc_nl_lr1e-3_wd1e-4,0,[0, 1, 2],1.0
mmix_nl_10_lr5e-4_wd0.0,0,[0],0.9942383170127869
mmix_nl_10_lr5e-4_wd0.0,0,[1],0.8596220016479492
mmix_nl_05_lr5e-4_wd0.0,0,[0],0.994824230670929
mmix_nl_10_lr5e-4_wd0.0,0,[2],0.9960075616836548
mmix_nl_05_lr5e-4_wd0.0,0,[1],0.8704215884208679
mmix_nl_10_lr5e-4_wd0.0,0,[0, 1],0.9862650036811829
mmix_nl_05_lr5e-4_wd0.0,0,[2],0.9962028861045837
mmix_nl_10_lr5e-4_wd0.0,0,[1, 2],0.9860811233520508
mmix_nl_05_lr5e-4_wd0.0,0,[0, 1],0.9885972142219543
mmix_nl_10_lr5e-4_wd0.0,0,[0, 2],0.998046875
mmix_nl_05_lr5e-4_wd0.0,0,[1, 2],0.9909409880638123
mmix_nl_10_lr5e-4_wd0.0,0,[0, 1, 2],0.9988511204719543
mmix_nl_05_lr5e-4_wd0.0,0,[0, 2],0.998046875
gmc_l_lr5e-4_wd0.0,0,[0],0.9969726800918579
mmix_nl_05_lr5e-4_wd0.0,0,[0, 1, 2],0.9994140863418579
gmc_l_lr5e-4_wd0.0,0,[1],0.8889762759208679
gmc_l_lr5e-4_wd0.0,0,[2],0.9974609613418579
gmc_l_lr5e-4_wd0.0,0,[0, 1],0.9943473935127258
gmc_l_lr5e-4_wd0.0,0,[1, 2],0.9949333071708679
gmc_l_lr5e-4_wd0.0,0,[0, 2],0.9990234375
gmc_l_lr5e-4_wd0.0,0,[0, 1, 2],0.999804675579071
mmix_l_10_lr5e-4_wd0.0,0,[0],0.993945300579071
mmix_l_10_lr5e-4_wd0.0,0,[1],0.8582434058189392
mmix_l_05_lr5e-4_wd0.0,0,[0],0.9950195550918579
mmix_l_10_lr5e-4_wd0.0,0,[2],0.995312511920929
mmix_l_05_lr5e-4_wd0.0,0,[1],0.8614544868469238
mmix_l_10_lr5e-4_wd0.0,0,[0, 1],0.9847369194030762
mmix_l_05_lr5e-4_wd0.0,0,[2],0.9932962656021118
mmix_l_10_lr5e-4_wd0.0,0,[1, 2],0.9838350415229797
mmix_l_05_lr5e-4_wd0.0,0,[0, 1],0.9852136969566345
mmix_l_10_lr5e-4_wd0.0,0,[0, 2],0.998242199420929
mmix_l_05_lr5e-4_wd0.0,0,[1, 2],0.9843577742576599
mmix_l_10_lr5e-4_wd0.0,0,[0, 1, 2],0.999316394329071
mmix_l_05_lr5e-4_wd0.0,0,[0, 2],0.9971794486045837
mmix_l_05_lr5e-4_wd0.0,0,[0, 1, 2],0.998828113079071
gmc_nl_lr5e-4_wd0.0,0,[0],0.9974609613418579
gmc_nl_lr5e-4_wd0.0,0,[1],0.8900160789489746
gmc_nl_lr5e-4_wd0.0,0,[2],0.9981445670127869
gmc_nl_lr5e-4_wd0.0,0,[0, 1],0.9935547113418579
gmc_nl_lr5e-4_wd0.0,0,[1, 2],0.9934684634208679
gmc_nl_lr5e-4_wd0.0,0,[0, 2],0.998828113079071
gmc_nl_lr5e-4_wd0.0,0,[0, 1, 2],0.999316394329071
mmix_nl_10_lr5e-4_wd1e-3,0,[0],0.9942383170127869
mmix_nl_10_lr5e-4_wd1e-3,0,[1],0.8596220016479492
mmix_nl_05_lr5e-4_wd1e-3,0,[0],0.994824230670929
mmix_nl_10_lr5e-4_wd1e-3,0,[2],0.9960075616836548
mmix_nl_05_lr5e-4_wd1e-3,0,[1],0.8704215884208679
mmix_nl_10_lr5e-4_wd1e-3,0,[0, 1],0.9862650036811829
mmix_nl_05_lr5e-4_wd1e-3,0,[2],0.9962028861045837
mmix_nl_10_lr5e-4_wd1e-3,0,[1, 2],0.9860811233520508
mmix_nl_05_lr5e-4_wd1e-3,0,[0, 1],0.9885972142219543
mmix_nl_10_lr5e-4_wd1e-3,0,[0, 2],0.998046875
mmix_nl_05_lr5e-4_wd1e-3,0,[1, 2],0.9909409880638123
mmix_nl_10_lr5e-4_wd1e-3,0,[0, 1, 2],0.9988511204719543
mmix_nl_05_lr5e-4_wd1e-3,0,[0, 2],0.998046875
mmix_nl_05_lr5e-4_wd1e-3,0,[0, 1, 2],0.9994140863418579
gmc_l_lr5e-4_wd1e-3,0,[0],0.9970703125
gmc_l_lr5e-4_wd1e-3,0,[1],0.882128894329071
gmc_l_lr5e-4_wd1e-3,0,[2],0.9951286315917969
gmc_l_lr5e-4_wd1e-3,0,[0, 1],0.9954447150230408
gmc_l_lr5e-4_wd1e-3,0,[1, 2],0.995151698589325
gmc_l_lr5e-4_wd1e-3,0,[0, 2],0.9989258050918579
gmc_l_lr5e-4_wd1e-3,0,[0, 1, 2],0.9999023675918579
mmix_l_10_lr5e-4_wd1e-3,0,[0],0.993945300579071
mmix_l_05_lr5e-4_wd1e-3,0,[0],0.9950195550918579
mmix_l_10_lr5e-4_wd1e-3,0,[1],0.8582434058189392
mmix_l_05_lr5e-4_wd1e-3,0,[1],0.8614544868469238
mmix_l_10_lr5e-4_wd1e-3,0,[2],0.995312511920929
mmix_l_05_lr5e-4_wd1e-3,0,[2],0.9932962656021118
mmix_l_10_lr5e-4_wd1e-3,0,[0, 1],0.9847369194030762
mmix_l_05_lr5e-4_wd1e-3,0,[0, 1],0.9852136969566345
mmix_l_10_lr5e-4_wd1e-3,0,[1, 2],0.9838350415229797
mmix_l_05_lr5e-4_wd1e-3,0,[1, 2],0.9843577742576599
mmix_l_10_lr5e-4_wd1e-3,0,[0, 2],0.998242199420929
mmix_l_05_lr5e-4_wd1e-3,0,[0, 2],0.9971794486045837
mmix_l_10_lr5e-4_wd1e-3,0,[0, 1, 2],0.999316394329071
mmix_l_05_lr5e-4_wd1e-3,0,[0, 1, 2],0.998828113079071
gmc_nl_lr5e-4_wd1e-3,0,[0],0.997265636920929
gmc_nl_lr5e-4_wd1e-3,0,[1],0.8789292573928833
gmc_nl_lr5e-4_wd1e-3,0,[2],0.9957146048545837
gmc_nl_lr5e-4_wd1e-3,0,[0, 1],0.995312511920929
gmc_nl_lr5e-4_wd1e-3,0,[1, 2],0.9955078363418579
gmc_nl_lr5e-4_wd1e-3,0,[0, 2],0.9994140863418579
gmc_nl_lr5e-4_wd1e-3,0,[0, 1, 2],0.999707043170929
mmix_nl_10_lr5e-4_wd1e-4,0,[0],0.9942383170127869
mmix_nl_05_lr5e-4_wd1e-4,0,[0],0.994824230670929
mmix_nl_10_lr5e-4_wd1e-4,0,[1],0.8596220016479492
mmix_nl_05_lr5e-4_wd1e-4,0,[1],0.8704215884208679
mmix_nl_10_lr5e-4_wd1e-4,0,[2],0.9960075616836548
mmix_nl_05_lr5e-4_wd1e-4,0,[2],0.9962028861045837
mmix_nl_10_lr5e-4_wd1e-4,0,[0, 1],0.9862650036811829
mmix_nl_05_lr5e-4_wd1e-4,0,[0, 1],0.9885972142219543
mmix_nl_10_lr5e-4_wd1e-4,0,[1, 2],0.9860811233520508
mmix_nl_05_lr5e-4_wd1e-4,0,[1, 2],0.9909409880638123
mmix_nl_10_lr5e-4_wd1e-4,0,[0, 2],0.998046875
mmix_nl_05_lr5e-4_wd1e-4,0,[0, 2],0.998046875
mmix_nl_10_lr5e-4_wd1e-4,0,[0, 1, 2],0.9988511204719543
mmix_nl_05_lr5e-4_wd1e-4,0,[0, 1, 2],0.9994140863418579
gmc_l_lr5e-4_wd1e-4,0,[0],0.9971680045127869
gmc_l_lr5e-4_wd1e-4,0,[1],0.8687729835510254
gmc_l_lr5e-4_wd1e-4,0,[2],0.9966797232627869
gmc_l_lr5e-4_wd1e-4,0,[0, 1],0.988315761089325
gmc_l_lr5e-4_wd1e-4,0,[1, 2],0.9884363412857056
gmc_l_lr5e-4_wd1e-4,0,[0, 2],0.999316394329071
gmc_l_lr5e-4_wd1e-4,0,[0, 1, 2],0.99951171875
mmix_l_10_lr5e-4_wd1e-4,0,[0],0.993945300579071
mmix_l_05_lr5e-4_wd1e-4,0,[0],0.9950195550918579
mmix_l_10_lr5e-4_wd1e-4,0,[1],0.8582434058189392
mmix_l_05_lr5e-4_wd1e-4,0,[1],0.8614544868469238
mmix_l_10_lr5e-4_wd1e-4,0,[2],0.995312511920929
mmix_l_05_lr5e-4_wd1e-4,0,[2],0.9932962656021118
mmix_l_10_lr5e-4_wd1e-4,0,[0, 1],0.9847369194030762
mmix_l_05_lr5e-4_wd1e-4,0,[0, 1],0.9852136969566345
mmix_l_10_lr5e-4_wd1e-4,0,[1, 2],0.9838350415229797
mmix_l_05_lr5e-4_wd1e-4,0,[1, 2],0.9843577742576599
mmix_l_10_lr5e-4_wd1e-4,0,[0, 2],0.998242199420929
mmix_l_05_lr5e-4_wd1e-4,0,[0, 2],0.9971794486045837
mmix_l_10_lr5e-4_wd1e-4,0,[0, 1, 2],0.999316394329071
mmix_l_05_lr5e-4_wd1e-4,0,[0, 1, 2],0.998828113079071
gmc_nl_lr5e-4_wd1e-4,0,[0],0.9974609613418579
gmc_nl_lr5e-4_wd1e-4,0,[1],0.8903090357780457
gmc_nl_lr5e-4_wd1e-4,0,[2],0.998242199420929
gmc_nl_lr5e-4_wd1e-4,0,[0, 1],0.9942497611045837
gmc_nl_lr5e-4_wd1e-4,0,[1, 2],0.993359386920929
gmc_nl_lr5e-4_wd1e-4,0,[0, 2],0.999218761920929
gmc_nl_lr5e-4_wd1e-4,0,[0, 1, 2],0.9999023675918579
mmix_nl_05_lr1e-4_wd0.0,0,[0],0.994824230670929
mmix_nl_10_lr1e-4_wd0.0,0,[0],0.9942383170127869
mmix_nl_05_lr1e-4_wd0.0,0,[1],0.8704215884208679
mmix_nl_10_lr1e-4_wd0.0,0,[1],0.8596220016479492
mmix_nl_05_lr1e-4_wd0.0,0,[2],0.9962028861045837
mmix_nl_10_lr1e-4_wd0.0,0,[2],0.9960075616836548
mmix_nl_05_lr1e-4_wd0.0,0,[0, 1],0.9885972142219543
mmix_nl_10_lr1e-4_wd0.0,0,[0, 1],0.9862650036811829
mmix_nl_05_lr1e-4_wd0.0,0,[1, 2],0.9909409880638123
mmix_nl_10_lr1e-4_wd0.0,0,[1, 2],0.9860811233520508
mmix_nl_05_lr1e-4_wd0.0,0,[0, 2],0.998046875
mmix_nl_10_lr1e-4_wd0.0,0,[0, 2],0.998046875
mmix_nl_05_lr1e-4_wd0.0,0,[0, 1, 2],0.9994140863418579
mmix_nl_10_lr1e-4_wd0.0,0,[0, 1, 2],0.9988511204719543
gmc_l_lr1e-4_wd0.0,0,[0],0.9853745698928833
gmc_l_lr1e-4_wd0.0,0,[1],0.8533663153648376
gmc_l_lr1e-4_wd0.0,0,[2],0.9193933606147766
gmc_l_lr1e-4_wd0.0,0,[0, 1],0.9835650324821472
gmc_l_lr1e-4_wd0.0,0,[1, 2],0.9756779074668884
gmc_l_lr1e-4_wd0.0,0,[0, 2],0.9862534403800964
gmc_l_lr1e-4_wd0.0,0,[0, 1, 2],0.9951286315917969
mmix_l_05_lr1e-4_wd0.0,0,[0],0.9950195550918579
mmix_l_10_lr1e-4_wd0.0,0,[0],0.993945300579071
mmix_l_05_lr1e-4_wd0.0,0,[1],0.8614544868469238
mmix_l_10_lr1e-4_wd0.0,0,[1],0.8582434058189392
mmix_l_05_lr1e-4_wd0.0,0,[2],0.9932962656021118
mmix_l_10_lr1e-4_wd0.0,0,[2],0.995312511920929
mmix_l_05_lr1e-4_wd0.0,0,[0, 1],0.9852136969566345
mmix_l_10_lr1e-4_wd0.0,0,[0, 1],0.9847369194030762
mmix_l_05_lr1e-4_wd0.0,0,[1, 2],0.9843577742576599
mmix_l_10_lr1e-4_wd0.0,0,[1, 2],0.9838350415229797
mmix_l_05_lr1e-4_wd0.0,0,[0, 2],0.9971794486045837
mmix_l_10_lr1e-4_wd0.0,0,[0, 2],0.998242199420929
mmix_l_05_lr1e-4_wd0.0,0,[0, 1, 2],0.998828113079071
mmix_l_10_lr1e-4_wd0.0,0,[0, 1, 2],0.999316394329071
gmc_nl_lr1e-4_wd0.0,0,[0],0.9838350415229797
gmc_nl_lr1e-4_wd0.0,0,[1],0.8521887063980103
gmc_nl_lr1e-4_wd0.0,0,[2],0.94140625
gmc_nl_lr1e-4_wd0.0,0,[0, 1],0.984455406665802
gmc_nl_lr1e-4_wd0.0,0,[1, 2],0.9803308844566345
gmc_nl_lr1e-4_wd0.0,0,[0, 2],0.9939567446708679
mmix_nl_05_lr1e-4_wd1e-3,0,[0],0.994824230670929
gmc_nl_lr1e-4_wd0.0,0,[0, 1, 2],0.9970703125
mmix_nl_10_lr1e-4_wd1e-3,0,[0],0.9942383170127869
mmix_nl_05_lr1e-4_wd1e-3,0,[1],0.8704215884208679
mmix_nl_10_lr1e-4_wd1e-3,0,[1],0.8596220016479492
mmix_nl_05_lr1e-4_wd1e-3,0,[2],0.9962028861045837
mmix_nl_10_lr1e-4_wd1e-3,0,[2],0.9960075616836548
mmix_nl_05_lr1e-4_wd1e-3,0,[0, 1],0.9885972142219543
mmix_nl_10_lr1e-4_wd1e-3,0,[0, 1],0.9862650036811829
mmix_nl_05_lr1e-4_wd1e-3,0,[1, 2],0.9909409880638123
mmix_nl_10_lr1e-4_wd1e-3,0,[1, 2],0.9860811233520508
mmix_nl_05_lr1e-4_wd1e-3,0,[0, 2],0.998046875
mmix_nl_10_lr1e-4_wd1e-3,0,[0, 2],0.998046875
mmix_nl_05_lr1e-4_wd1e-3,0,[0, 1, 2],0.9994140863418579
mmix_nl_10_lr1e-4_wd1e-3,0,[0, 1, 2],0.9988511204719543
gmc_l_lr1e-4_wd1e-3,0,[0],0.9833467602729797
gmc_l_lr1e-4_wd1e-3,0,[1],0.8446518778800964
gmc_l_lr1e-4_wd1e-3,0,[2],0.9122530221939087
gmc_l_lr1e-4_wd1e-3,0,[0, 1],0.9833467602729797
gmc_l_lr1e-4_wd1e-3,0,[1, 2],0.9728572964668274
mmix_l_05_lr1e-4_wd1e-3,0,[0],0.9950195550918579
mmix_l_10_lr1e-4_wd1e-3,0,[0],0.993945300579071
gmc_l_lr1e-4_wd1e-3,0,[0, 2],0.9849092364311218
mmix_l_05_lr1e-4_wd1e-3,0,[1],0.8614544868469238
mmix_l_10_lr1e-4_wd1e-3,0,[1],0.8582434058189392
gmc_l_lr1e-4_wd1e-3,0,[0, 1, 2],0.9943473935127258
mmix_l_05_lr1e-4_wd1e-3,0,[2],0.9932962656021118
mmix_l_10_lr1e-4_wd1e-3,0,[2],0.995312511920929
mmix_l_05_lr1e-4_wd1e-3,0,[0, 1],0.9852136969566345
mmix_l_10_lr1e-4_wd1e-3,0,[0, 1],0.9847369194030762
mmix_l_05_lr1e-4_wd1e-3,0,[1, 2],0.9843577742576599
mmix_l_10_lr1e-4_wd1e-3,0,[1, 2],0.9838350415229797
mmix_l_05_lr1e-4_wd1e-3,0,[0, 2],0.9971794486045837
mmix_l_10_lr1e-4_wd1e-3,0,[0, 2],0.998242199420929
mmix_l_05_lr1e-4_wd1e-3,0,[0, 1, 2],0.998828113079071
mmix_l_10_lr1e-4_wd1e-3,0,[0, 1, 2],0.999316394329071
gmc_nl_lr1e-4_wd1e-3,0,[0],0.9793888330459595
gmc_nl_lr1e-4_wd1e-3,0,[1],0.8385111093521118
gmc_nl_lr1e-4_wd1e-3,0,[2],0.9318704605102539
gmc_nl_lr1e-4_wd1e-3,0,[0, 1],0.9807043075561523
mmix_nl_05_lr1e-4_wd1e-4,0,[0],0.994824230670929
gmc_nl_lr1e-4_wd1e-3,0,[1, 2],0.9760915040969849
mmix_nl_10_lr1e-4_wd1e-4,0,[0],0.9942383170127869
mmix_nl_05_lr1e-4_wd1e-4,0,[1],0.8704215884208679
gmc_nl_lr1e-4_wd1e-3,0,[0, 2],0.9946403503417969
mmix_nl_10_lr1e-4_wd1e-4,0,[1],0.8596220016479492
mmix_nl_05_lr1e-4_wd1e-4,0,[2],0.9962028861045837
gmc_nl_lr1e-4_wd1e-3,0,[0, 1, 2],0.9955307841300964
mmix_nl_10_lr1e-4_wd1e-4,0,[2],0.9960075616836548
mmix_nl_05_lr1e-4_wd1e-4,0,[0, 1],0.9885972142219543
mmix_nl_10_lr1e-4_wd1e-4,0,[0, 1],0.9862650036811829
mmix_nl_05_lr1e-4_wd1e-4,0,[1, 2],0.9909409880638123
mmix_nl_10_lr1e-4_wd1e-4,0,[1, 2],0.9860811233520508
mmix_nl_05_lr1e-4_wd1e-4,0,[0, 2],0.998046875
mmix_nl_10_lr1e-4_wd1e-4,0,[0, 2],0.998046875
mmix_nl_05_lr1e-4_wd1e-4,0,[0, 1, 2],0.9994140863418579
mmix_nl_10_lr1e-4_wd1e-4,0,[0, 1, 2],0.9988511204719543
gmc_l_lr1e-4_wd1e-4,0,[0],0.9849839210510254
gmc_l_lr1e-4_wd1e-4,0,[1],0.851039707660675
mmix_l_05_lr1e-4_wd1e-4,0,[0],0.9950195550918579
gmc_l_lr1e-4_wd1e-4,0,[2],0.9175034761428833
mmix_l_10_lr1e-4_wd1e-4,0,[0],0.993945300579071
mmix_l_05_lr1e-4_wd1e-4,0,[1],0.8614544868469238
gmc_l_lr1e-4_wd1e-4,0,[0, 1],0.9851160049438477
mmix_l_10_lr1e-4_wd1e-4,0,[1],0.8582434058189392
mmix_l_05_lr1e-4_wd1e-4,0,[2],0.9932962656021118
gmc_l_lr1e-4_wd1e-4,0,[1, 2],0.9762752652168274
mmix_l_10_lr1e-4_wd1e-4,0,[2],0.995312511920929
gmc_l_lr1e-4_wd1e-4,0,[0, 2],0.9860811233520508
mmix_l_05_lr1e-4_wd1e-4,0,[0, 1],0.9852136969566345
mmix_l_10_lr1e-4_wd1e-4,0,[0, 1],0.9847369194030762
mmix_l_05_lr1e-4_wd1e-4,0,[1, 2],0.9843577742576599
gmc_l_lr1e-4_wd1e-4,0,[0, 1, 2],0.9952263236045837
mmix_l_10_lr1e-4_wd1e-4,0,[1, 2],0.9838350415229797
mmix_l_05_lr1e-4_wd1e-4,0,[0, 2],0.9971794486045837
mmix_l_10_lr1e-4_wd1e-4,0,[0, 2],0.998242199420929
mmix_l_05_lr1e-4_wd1e-4,0,[0, 1, 2],0.998828113079071
mmix_l_10_lr1e-4_wd1e-4,0,[0, 1, 2],0.999316394329071
gmc_nl_lr1e-4_wd1e-4,0,[0],0.9832376837730408
gmc_nl_lr1e-4_wd1e-4,0,[1],0.847949206829071
gmc_nl_lr1e-4_wd1e-4,0,[2],0.9418314099311829
gmc_nl_lr1e-4_wd1e-4,0,[0, 1],0.9838809967041016
gmc_nl_lr1e-4_wd1e-4,0,[1, 2],0.9808191657066345
gmc_nl_lr1e-4_wd1e-4,0,[0, 2],0.9941520690917969
gmc_nl_lr1e-4_wd1e-4,0,[0, 1, 2],0.9964843988418579
