mmix_nl_01,0,[0],0.995410144329071
mmix_nl_10,0,[0],0.9942383170127869
mmix_nl_01,0,[1],0.8780560493469238
mmix_nl_05,0,[0],0.994824230670929
mmix_nl_20,0,[0],0.994824230670929
mmix_nl_10,0,[1],0.8596220016479492
mmix_nl_01,0,[2],0.996777355670929
mmix_nl_05,0,[1],0.8704215884208679
mmix_nl_20,0,[1],0.8549402356147766
mmix_nl_10,0,[2],0.9960075616836548
mmix_nl_01,0,[0, 1],0.985139012336731
mmix_nl_05,0,[2],0.9962028861045837
mmix_nl_20,0,[2],0.9964958429336548
mmix_nl_10,0,[0, 1],0.9862650036811829
mmix_nl_01,0,[1, 2],0.987678050994873
mmix_nl_05,0,[0, 1],0.9885972142219543
mmix_nl_20,0,[0, 1],0.9864832162857056
mmix_nl_01,0,[0, 2],0.9984375238418579
mmix_nl_10,0,[1, 2],0.9860811233520508
mmix_nl_05,0,[1, 2],0.9909409880638123
mmix_nl_20,0,[1, 2],0.9870691299438477
mmix_nl_10,0,[0, 2],0.998046875
mmix_nl_01,0,[0, 1, 2],0.9992302060127258
mmix_nl_05,0,[0, 2],0.998046875
mmix_nl_20,0,[0, 2],0.998828113079071
mmix_nl_10,0,[0, 1, 2],0.9988511204719543
mmix_nl_05,0,[0, 1, 2],0.9994140863418579
mmix_nl_20,0,[0, 1, 2],0.9992302060127258
gmc_nl,0,[0],0.998046875
gmc_nl,0,[1],0.8942497372627258
gmc_nl,0,[2],0.998339831829071
gmc_nl,0,[0, 1],0.9914522171020508
gmc_nl,0,[1, 2],0.9914522171020508
gmc_nl,0,[0, 2],0.9994140863418579
gmc_nl,0,[0, 1, 2],0.999804675579071
mmix_nl_01,1,[0],0.9944565892219543
mmix_nl_10,1,[0],0.9942497611045837
mmix_nl_01,1,[1],0.8696116805076599
mmix_nl_10,1,[1],0.8435317277908325
mmix_nl_20,1,[0],0.9943473935127258
mmix_nl_01,1,[2],0.9956169128417969
mmix_nl_05,1,[0],0.9945312738418579
mmix_nl_20,1,[1],0.8322553038597107
mmix_nl_10,1,[2],0.9955078363418579
mmix_nl_01,1,[0, 1],0.9837603569030762
mmix_nl_05,1,[1],0.849155604839325
mmix_nl_10,1,[0, 1],0.9845530390739441
mmix_nl_20,1,[2],0.9952148795127869
mmix_nl_01,1,[1, 2],0.9857019782066345
mmix_nl_05,1,[2],0.9957031607627869
mmix_nl_10,1,[1, 2],0.9849954843521118
mmix_nl_20,1,[0, 1],0.9801068305969238
mmix_nl_01,1,[0, 2],0.998046875
mmix_nl_05,1,[0, 1],0.986850917339325
mmix_nl_10,1,[0, 2],0.99853515625
mmix_nl_20,1,[1, 2],0.9811925888061523
mmix_nl_05,1,[1, 2],0.9869486093521118
mmix_nl_01,1,[0, 1, 2],0.9989372491836548
mmix_nl_10,1,[0, 1, 2],0.99853515625
mmix_nl_20,1,[0, 2],0.9979492425918579
mmix_nl_05,1,[0, 2],0.998046875
mmix_nl_20,1,[0, 1, 2],0.9988395571708679
mmix_nl_05,1,[0, 1, 2],0.999316394329071
gmc_nl,1,[0],0.9962028861045837
gmc_nl,1,[1],0.8939682841300964
gmc_nl,1,[2],0.99658203125
gmc_nl,1,[0, 1],0.9916015863418579
gmc_nl,1,[1, 2],0.9919059872627258
gmc_nl,1,[0, 2],0.9984375238418579
gmc_nl,1,[0, 1, 2],0.9996094107627869
mmix_nl_01,2,[0],0.9945312738418579
mmix_nl_01,2,[1],0.8709558844566345
mmix_nl_01,2,[2],0.99658203125
mmix_nl_10,2,[0],0.9954215884208679
mmix_nl_20,2,[0],0.9956169128417969
mmix_nl_05,2,[0],0.9948356747627258
mmix_nl_01,2,[0, 1],0.985920250415802
mmix_nl_10,2,[1],0.853871762752533
mmix_nl_20,2,[1],0.835368812084198
mmix_nl_05,2,[1],0.8626436591148376
mmix_nl_01,2,[1, 2],0.9865694046020508
mmix_nl_10,2,[2],0.996386706829071
mmix_nl_20,2,[2],0.9962028861045837
mmix_nl_05,2,[2],0.9966797232627869
mmix_nl_01,2,[0, 2],0.99853515625
mmix_nl_10,2,[0, 1],0.983967125415802
mmix_nl_20,2,[0, 1],0.9837259650230408
mmix_nl_05,2,[0, 1],0.9850298762321472
mmix_nl_01,2,[0, 1, 2],0.999316394329071
mmix_nl_10,2,[1, 2],0.9867647290229797
mmix_nl_20,2,[1, 2],0.9850069284439087
mmix_nl_05,2,[1, 2],0.9875459671020508
mmix_nl_10,2,[0, 2],0.998339831829071
mmix_nl_20,2,[0, 2],0.998242199420929
mmix_nl_05,2,[0, 2],0.99853515625
mmix_nl_10,2,[0, 1, 2],0.9981675148010254
mmix_nl_20,2,[0, 1, 2],0.998828113079071
mmix_nl_05,2,[0, 1, 2],0.9989258050918579
gmc_nl,2,[0],0.9952263236045837
gmc_nl,2,[1],0.89315265417099
gmc_nl,2,[2],0.99658203125
gmc_nl,2,[0, 1],0.9871553778648376
gmc_nl,2,[1, 2],0.988804042339325
gmc_nl,2,[0, 2],0.9984375238418579
gmc_nl,2,[0, 1, 2],0.999316394329071
mmix_nl_01,3,[0],0.9961167573928833
mmix_nl_01,3,[1],0.8759018778800964
mmix_nl_01,3,[2],0.9961914420127869
mmix_nl_01,3,[0, 1],0.9885856509208679
mmix_nl_10,3,[0],0.994824230670929
mmix_nl_01,3,[1, 2],0.9906364679336548
mmix_nl_10,3,[1],0.8435949683189392
mmix_nl_01,3,[0, 2],0.99853515625
mmix_nl_20,3,[0],0.9952148795127869
mmix_nl_10,3,[2],0.9959098696708679
mmix_nl_05,3,[0],0.99560546875
mmix_nl_01,3,[0, 1, 2],0.9994140863418579
mmix_nl_20,3,[1],0.8457204103469849
mmix_nl_10,3,[0, 1],0.9850183725357056
mmix_nl_05,3,[1],0.859375
mmix_nl_20,3,[2],0.995898425579071
mmix_nl_10,3,[1, 2],0.9869486093521118
mmix_nl_05,3,[2],0.996289074420929
mmix_nl_20,3,[0, 1],0.9866785407066345
mmix_nl_10,3,[0, 2],0.998046875
mmix_nl_05,3,[0, 1],0.9812097549438477
mmix_nl_20,3,[1, 2],0.9874597787857056
mmix_nl_10,3,[0, 1, 2],0.999218761920929
mmix_nl_05,3,[1, 2],0.9838464856147766
mmix_nl_20,3,[0, 2],0.998339831829071
mmix_nl_05,3,[0, 2],0.998242199420929
mmix_nl_20,3,[0, 1, 2],0.998828113079071
mmix_nl_05,3,[0, 1, 2],0.9984375238418579
gmc_nl,3,[0],0.996874988079071
gmc_nl,3,[1],0.8916417956352234
gmc_nl,3,[2],0.997851550579071
gmc_nl,3,[0, 1],0.9870576858520508
gmc_nl,3,[1, 2],0.9885339736938477
gmc_nl,3,[0, 2],0.9986328482627869
gmc_nl,3,[0, 1, 2],0.9996094107627869
mmix_nl_01,4,[0],0.9969726800918579
mmix_nl_01,4,[1],0.875080406665802
mmix_nl_01,4,[2],0.9961914420127869
mmix_nl_01,4,[0, 1],0.9898667335510254
mmix_nl_01,4,[1, 2],0.9909409880638123
mmix_nl_10,4,[0],0.9954215884208679
mmix_nl_01,4,[0, 2],0.9986328482627869
mmix_nl_10,4,[1],0.8511489033699036
mmix_nl_01,4,[0, 1, 2],0.999804675579071
mmix_nl_05,4,[0],0.9955192804336548
mmix_nl_10,4,[2],0.9957146048545837
mmix_nl_20,4,[0],0.9964097142219543
mmix_nl_05,4,[1],0.8603458404541016
mmix_nl_10,4,[0, 1],0.9849092364311218
mmix_nl_20,4,[1],0.8374654650688171
mmix_nl_05,4,[2],0.9974609613418579
mmix_nl_20,4,[2],0.9966911673545837
mmix_nl_10,4,[1, 2],0.9870462417602539
mmix_nl_05,4,[0, 1],0.9851792454719543
mmix_nl_20,4,[0, 1],0.9855928421020508
mmix_nl_10,4,[0, 2],0.9979492425918579
mmix_nl_05,4,[1, 2],0.9854722023010254
mmix_nl_20,4,[1, 2],0.9873161315917969
mmix_nl_10,4,[0, 1, 2],0.9988395571708679
mmix_nl_05,4,[0, 2],0.9984375238418579
mmix_nl_20,4,[0, 2],0.998730480670929
mmix_nl_05,4,[0, 1, 2],0.9990348815917969
mmix_nl_20,4,[0, 1, 2],0.9992302060127258
gmc_nl,4,[0],0.998046875
gmc_nl,4,[1],0.8845186233520508
gmc_nl,4,[2],0.998339831829071
gmc_nl,4,[0, 1],0.9845300912857056
gmc_nl,4,[1, 2],0.9845415949821472
gmc_nl,4,[0, 2],0.999218761920929
gmc_nl,4,[0, 1, 2],0.9999023675918579
