gmc_nl,0,[0],0.998046875
gmc_nl,0,[1],0.8942497372627258
gmc_nl,0,[2],0.998339831829071
gmc_nl,0,[0, 1],0.9914522171020508
gmc_nl,0,[1, 2],0.9914522171020508
gmc_nl,0,[0, 2],0.9994140863418579
gmc_nl,0,[0, 1, 2],0.999804675579071
mmix_nl_01,0,[0],0.9830423593521118
mmix_nl_05,0,[0],0.9831399917602539
mmix_nl_01,0,[1],0.8656250238418579
mmix_nl_05,0,[1],0.854945957660675
mmix_nl_01,0,[2],0.10159696638584137
gmc_nl,1,[0],0.9962028861045837
mmix_nl_05,0,[2],0.09963809698820114
mmix_nl_01,0,[0, 1],0.9875459671020508
gmc_nl,1,[1],0.8939682841300964
mmix_nl_05,0,[0, 1],0.980440080165863
mmix_nl_01,0,[1, 2],0.866325855255127
gmc_nl,1,[2],0.99658203125
mmix_nl_05,0,[1, 2],0.8598862886428833
mmix_nl_01,0,[0, 2],0.9783892631530762
gmc_nl,1,[0, 1],0.9916015863418579
mmix_nl_05,0,[0, 2],0.9814280867576599
mmix_nl_01,0,[0, 1, 2],0.9908663034439087
gmc_nl,1,[1, 2],0.9919059872627258
mmix_nl_05,0,[0, 1, 2],0.9847254157066345
gmc_nl,1,[0, 2],0.9984375238418579
gmc_nl,1,[0, 1, 2],0.9996094107627869
gmc_nl,2,[0],0.9952263236045837
gmc_nl,2,[1],0.89315265417099
gmc_nl,2,[2],0.99658203125
gmc_nl,2,[0, 1],0.9871553778648376
gmc_nl,2,[1, 2],0.988804042339325
gmc_nl,2,[0, 2],0.9984375238418579
gmc_nl,2,[0, 1, 2],0.999316394329071
mmix_nl_01,1,[0],0.9853113293647766
mmix_nl_05,1,[0],0.9813706278800964
mmix_nl_01,1,[1],0.8827091455459595
mmix_nl_05,1,[1],0.8512580990791321
mmix_nl_01,1,[2],0.09242302179336548
mmix_nl_05,1,[2],0.09989660233259201
mmix_nl_01,1,[0, 1],0.9901941418647766
mmix_nl_05,1,[0, 1],0.9866785407066345
mmix_nl_01,1,[1, 2],0.886310875415802
mmix_nl_05,1,[1, 2],0.8405963182449341
gmc_nl,3,[0],0.996874988079071
mmix_nl_01,1,[0, 2],0.9836627244949341
mmix_nl_05,1,[0, 2],0.9817728400230408
gmc_nl,3,[1],0.8916417956352234
mmix_nl_01,1,[0, 1, 2],0.9907456636428833
mmix_nl_05,1,[0, 1, 2],0.9869830012321472
gmc_nl,3,[2],0.997851550579071
gmc_nl,3,[0, 1],0.9870576858520508
gmc_nl,3,[1, 2],0.9885339736938477
gmc_nl,3,[0, 2],0.9986328482627869
gmc_nl,3,[0, 1, 2],0.9996094107627869
gmc_nl,4,[0],0.998046875
gmc_nl,4,[1],0.8845186233520508
gmc_nl,4,[2],0.998339831829071
gmc_nl,4,[0, 1],0.9845300912857056
gmc_nl,4,[1, 2],0.9845415949821472
gmc_nl,4,[0, 2],0.999218761920929
gmc_nl,4,[0, 1, 2],0.9999023675918579
mmix_nl_05,2,[0],0.9847656488418579
mmix_nl_01,2,[0],0.9875114560127258
mmix_nl_05,2,[1],0.859754204750061
mmix_nl_01,2,[1],0.8855755925178528
mmix_nl_05,2,[2],0.09963809698820114
mmix_nl_01,2,[2],0.09963809698820114
mmix_nl_05,2,[0, 1],0.982944667339325
mmix_nl_01,2,[0, 1],0.9900965094566345
mmix_nl_05,2,[1, 2],0.8583237528800964
mmix_nl_01,2,[1, 2],0.8859317898750305
mmix_nl_05,2,[0, 2],0.9827378392219543
mmix_nl_01,2,[0, 2],0.9860581755638123
mmix_nl_05,2,[0, 1, 2],0.9857651591300964
mmix_nl_01,2,[0, 1, 2],0.9920151829719543
mmix_nl_05,3,[0],0.9814280867576599
mmix_nl_01,3,[0],0.9869486093521118
mmix_nl_05,3,[1],0.8700540661811829
mmix_nl_01,3,[1],0.8806986212730408
mmix_nl_05,3,[2],0.09963809698820114
mmix_nl_01,3,[2],0.09963809698820114
mmix_nl_05,3,[0, 1],0.9854205250740051
mmix_nl_01,3,[0, 1],0.9890854954719543
mmix_nl_05,3,[1, 2],0.8649126887321472
mmix_nl_01,3,[1, 2],0.878452479839325
mmix_nl_05,3,[0, 2],0.978486955165863
mmix_nl_01,3,[0, 2],0.9859834909439087
mmix_nl_05,3,[0, 1, 2],0.9835650324821472
mmix_nl_01,3,[0, 1, 2],0.9901596903800964
mmix_nl_05,4,[0],0.9830881953239441
mmix_nl_01,4,[0],0.9817957282066345
mmix_nl_05,4,[1],0.8752527236938477
mmix_nl_01,4,[1],0.8879997134208679
mmix_nl_05,4,[2],0.09963809698820114
mmix_nl_01,4,[2],0.09963809698820114
mmix_nl_05,4,[0, 1],0.9865579605102539
mmix_nl_01,4,[0, 1],0.9894244074821472
mmix_nl_05,4,[1, 2],0.8754997253417969
mmix_nl_01,4,[1, 2],0.8935661315917969
mmix_nl_05,4,[0, 2],0.982014000415802
mmix_nl_01,4,[0, 2],0.9819163680076599
mmix_nl_05,4,[0, 1, 2],0.9874253273010254
mmix_nl_01,4,[0, 1, 2],0.9910845756530762
