gmc_l,0,[0],0.9966797232627869
gmc_l,0,[1],0.8921472430229187
gmc_l,0,[2],0.9979492425918579
gmc_l,0,[0, 1],0.9897575378417969
gmc_l,0,[1, 2],0.990205705165863
gmc_l,0,[0, 2],0.9990234375
gmc_l,0,[0, 1, 2],0.99951171875
mmix_l_01,0,[0],0.9945427179336548
mmix_l_01,0,[1],0.8784753680229187
mmix_l_01,0,[2],0.9924919009208679
mmix_l_01,0,[0, 1],0.984162449836731
mmix_l_01,0,[1, 2],0.9840647578239441
mmix_l_01,0,[0, 2],0.997363269329071
mmix_l_01,0,[0, 1, 2],0.9985466003417969
mmix_l_10,0,[0],0.993847668170929
mmix_l_10,0,[1],0.8588177561759949
mmix_l_10,0,[2],0.9950195550918579
mmix_l_10,0,[0, 1],0.984650731086731
mmix_l_20,0,[0],0.993359386920929
mmix_l_10,0,[1, 2],0.9837374091148376
mmix_l_10,0,[0, 2],0.998242199420929
mmix_l_20,0,[1],0.831135094165802
mmix_l_20,0,[2],0.99609375
mmix_l_10,0,[0, 1, 2],0.999218761920929
mmix_l_20,0,[0, 1],0.9741613268852234
mmix_l_20,0,[1, 2],0.9749080538749695
mmix_l_20,0,[0, 2],0.997363269329071
mmix_l_20,0,[0, 1, 2],0.997851550579071
mmix_l_05,0,[0],0.9947265982627869
mmix_l_05,0,[1],0.8611385226249695
mmix_l_05,0,[2],0.9932100176811218
mmix_l_05,0,[0, 1],0.9853975176811218
mmix_l_05,0,[1, 2],0.983967125415802
mmix_l_05,0,[0, 2],0.9971794486045837
mmix_l_05,0,[0, 1, 2],0.998730480670929
gmc_l,1,[0],0.997265636920929
gmc_l,1,[1],0.8930032849311829
gmc_l,1,[2],0.997851550579071
gmc_l,1,[0, 1],0.9877527356147766
gmc_l,1,[1, 2],0.9876551032066345
gmc_l,1,[0, 2],0.9986328482627869
mmix_l_01,1,[0],0.994433581829071
gmc_l,1,[0, 1, 2],0.999316394329071
mmix_l_01,1,[1],0.8660501837730408
mmix_l_01,1,[2],0.993847668170929
mmix_l_01,1,[0, 1],0.9821001887321472
mmix_l_01,1,[1, 2],0.9841394424438477
mmix_l_01,1,[0, 2],0.9979492425918579
mmix_l_01,1,[0, 1, 2],0.9984375238418579
mmix_l_10,1,[0],0.9942383170127869
mmix_l_10,1,[1],0.846110999584198
mmix_l_10,1,[2],0.9955192804336548
mmix_l_10,1,[0, 1],0.9811580777168274
mmix_l_10,1,[1, 2],0.9825884699821472
mmix_l_20,1,[0],0.9955078363418579
mmix_l_10,1,[0, 2],0.9975700378417969
mmix_l_20,1,[1],0.845105767250061
mmix_l_10,1,[0, 1, 2],0.998046875
mmix_l_20,1,[2],0.9964843988418579
mmix_l_20,1,[0, 1],0.9847770929336548
mmix_l_20,1,[1, 2],0.9837488532066345
mmix_l_20,1,[0, 2],0.9986328482627869
mmix_l_20,1,[0, 1, 2],0.9986328482627869
mmix_l_05,1,[0],0.996289074420929
mmix_l_05,1,[1],0.8593635559082031
mmix_l_05,1,[2],0.9946403503417969
mmix_l_05,1,[0, 1],0.9856790900230408
mmix_l_05,1,[1, 2],0.9849206805229187
mmix_l_05,1,[0, 2],0.9986328482627869
mmix_l_05,1,[0, 1, 2],0.9990234375
gmc_l,2,[0],0.9964843988418579
gmc_l,2,[1],0.8835191130638123
gmc_l,2,[2],0.99853515625
mmix_l_01,2,[0],0.9927849173545837
gmc_l,2,[0, 1],0.9908548593521118
mmix_l_01,2,[1],0.8720588684082031
gmc_l,2,[1, 2],0.9911362528800964
mmix_l_01,2,[2],0.9742130637168884
gmc_l,2,[0, 2],0.9989258050918579
mmix_l_01,2,[0, 1],0.9847369194030762
gmc_l,2,[0, 1, 2],0.999707043170929
mmix_l_01,2,[1, 2],0.9835535287857056
mmix_l_01,2,[0, 2],0.9952148795127869
mmix_l_01,2,[0, 1, 2],0.997265636920929
mmix_l_10,2,[0],0.9940544366836548
mmix_l_10,2,[1],0.8458870053291321
mmix_l_10,2,[2],0.99462890625
mmix_l_10,2,[0, 1],0.9812213182449341
mmix_l_10,2,[1, 2],0.9821116328239441
mmix_l_10,2,[0, 2],0.997753918170929
mmix_l_20,2,[0],0.9935547113418579
mmix_l_10,2,[0, 1, 2],0.9985466003417969
mmix_l_20,2,[1],0.8540269136428833
mmix_l_20,2,[2],0.9959961175918579
mmix_l_20,2,[0, 1],0.9812960028648376
mmix_l_20,2,[1, 2],0.9818704724311829
mmix_l_20,2,[0, 2],0.997753918170929
mmix_l_20,2,[0, 1, 2],0.9980583190917969
mmix_l_05,2,[0],0.9940544366836548
mmix_l_05,2,[1],0.8434627652168274
mmix_l_05,2,[2],0.9938591122627258
mmix_l_05,2,[0, 1],0.9802103042602539
mmix_l_05,2,[1, 2],0.9804744720458984
mmix_l_05,2,[0, 2],0.997851550579071
mmix_l_05,2,[0, 1, 2],0.9975700378417969
mmix_l_01,3,[0],0.9947265982627869
gmc_l,3,[0],0.996777355670929
mmix_l_01,3,[1],0.870036780834198
gmc_l,3,[1],0.8746036887168884
mmix_l_01,3,[2],0.99169921875
gmc_l,3,[2],0.9964843988418579
mmix_l_01,3,[0, 1],0.9838694930076599
gmc_l,3,[0, 1],0.9878389239311218
mmix_l_01,3,[1, 2],0.9858857989311218
gmc_l,3,[1, 2],0.988315761089325
mmix_l_01,3,[0, 2],0.997753918170929
gmc_l,3,[0, 2],0.9984375238418579
mmix_l_01,3,[0, 1, 2],0.998339831829071
gmc_l,3,[0, 1, 2],0.999218761920929
mmix_l_10,3,[0],0.995410144329071
mmix_l_10,3,[1],0.8544175028800964
mmix_l_10,3,[2],0.9950195550918579
mmix_l_10,3,[0, 1],0.982014000415802
mmix_l_10,3,[1, 2],0.9821978807449341
mmix_l_10,3,[0, 2],0.998046875
mmix_l_20,3,[0],0.994140625
mmix_l_10,3,[0, 1, 2],0.99853515625
mmix_l_20,3,[1],0.8454216122627258
mmix_l_20,3,[2],0.9937614798545837
mmix_l_20,3,[0, 1],0.9803768396377563
mmix_l_20,3,[1, 2],0.9785443544387817
mmix_l_20,3,[0, 2],0.9971680045127869
mmix_l_05,3,[0],0.9945312738418579
mmix_l_20,3,[0, 1, 2],0.9970817565917969
mmix_l_05,3,[1],0.8613683581352234
mmix_l_05,3,[2],0.9952148795127869
mmix_l_05,3,[0, 1],0.9852252006530762
mmix_l_05,3,[1, 2],0.9866670966148376
mmix_l_05,3,[0, 2],0.9986328482627869
mmix_l_05,3,[0, 1, 2],0.9989258050918579
mmix_l_01,4,[0],0.9926872253417969
mmix_l_01,4,[1],0.8680033087730408
mmix_l_01,4,[2],0.9922966361045837
mmix_l_01,4,[0, 1],0.9833353161811829
gmc_l,4,[0],0.9971680045127869
mmix_l_01,4,[1, 2],0.9837259650230408
gmc_l,4,[1],0.88916015625
mmix_l_01,4,[0, 2],0.9964843988418579
gmc_l,4,[2],0.9986328482627869
mmix_l_01,4,[0, 1, 2],0.9982536435127258
gmc_l,4,[0, 1],0.9881204962730408
gmc_l,4,[1, 2],0.9894876480102539
gmc_l,4,[0, 2],0.9991211295127869
gmc_l,4,[0, 1, 2],0.999804675579071
mmix_l_10,4,[0],0.99462890625
mmix_l_10,4,[1],0.8522977828979492
mmix_l_10,4,[2],0.9957031607627869
mmix_l_10,4,[0, 1],0.9817325472831726
mmix_l_10,4,[1, 2],0.9809627532958984
mmix_l_10,4,[0, 2],0.9976562857627869
mmix_l_10,4,[0, 1, 2],0.9978629946708679
mmix_l_20,4,[0],0.9942383170127869
mmix_l_20,4,[1],0.8458008170127869
mmix_l_20,4,[2],0.996289074420929
mmix_l_20,4,[0, 1],0.9819909930229187
mmix_l_20,4,[1, 2],0.982393205165863
mmix_l_20,4,[0, 2],0.99755859375
mmix_l_20,4,[0, 1, 2],0.9986328482627869
mmix_l_05,4,[0],0.9925034642219543
mmix_l_05,4,[1],0.839223325252533
mmix_l_05,4,[2],0.9927734732627869
mmix_l_05,4,[0, 1],0.9801355600357056
mmix_l_05,4,[1, 2],0.978975236415863
mmix_l_05,4,[0, 2],0.9967887997627258
mmix_l_05,4,[0, 1, 2],0.9977769255638123
