mmix_nl_01,0,[0],0.9951171875
mmix_nl_01,0,[1],0.8740751147270203
mmix_nl_01,0,[2],0.99658203125
mmix_nl_01,0,[0, 1],0.985139012336731
mmix_nl_01,0,[1, 2],0.987092137336731
mmix_nl_01,0,[0, 2],0.998242199420929
mmix_nl_01,0,[0, 1, 2],0.9991325736045837
mmix_nl_10,0,[0],0.994335949420929
mmix_nl_10,0,[1],0.8566923141479492
mmix_nl_10,0,[2],0.9955192804336548
mmix_nl_10,0,[0, 1],0.9860696792602539
mmix_nl_20,0,[0],0.9950195550918579
mmix_nl_10,0,[1, 2],0.9857019782066345
mmix_nl_20,0,[1],0.8527056574821472
mmix_nl_10,0,[0, 2],0.9979492425918579
mmix_nl_20,0,[2],0.9964958429336548
mmix_nl_10,0,[0, 1, 2],0.9986557960510254
mmix_nl_20,0,[0, 1],0.9857134819030762
mmix_nl_20,0,[1, 2],0.9861902594566345
mmix_nl_20,0,[0, 2],0.99853515625
mmix_nl_20,0,[0, 1, 2],0.9991325736045837
mmix_nl_05,0,[0],0.994824230670929
mmix_nl_05,0,[1],0.8682847023010254
mmix_nl_05,0,[2],0.9960075616836548
mmix_nl_05,0,[0, 1],0.9878159761428833
mmix_nl_05,0,[1, 2],0.9905733466148376
mmix_nl_05,0,[0, 2],0.998046875
mmix_nl_05,0,[0, 1, 2],0.9994140863418579
gmc_nl,0,[0],0.9974609613418579
gmc_nl,0,[1],0.8895105719566345
gmc_nl,0,[2],0.9981445670127869
gmc_nl,0,[0, 1],0.9879021048545837
gmc_nl,0,[0, 2],0.9990234375
gmc_nl,0,[0, 1, 2],0.999707043170929
mmix_nl_01,1,[0],0.9943589568138123
mmix_nl_01,1,[1],0.8691579103469849
mmix_nl_01,1,[2],0.9959961175918579
mmix_nl_01,1,[0, 1],0.9832491278648376
mmix_nl_01,1,[1, 2],0.9855066537857056
mmix_nl_01,1,[0, 2],0.9979492425918579
mmix_nl_01,1,[0, 1, 2],0.9989372491836548
mmix_nl_10,1,[0],0.9940544366836548
mmix_nl_10,1,[1],0.8429457545280457
mmix_nl_10,1,[2],0.9955078363418579
mmix_nl_10,1,[0, 1],0.9832950830459595
mmix_nl_10,1,[1, 2],0.9840189218521118
mmix_nl_20,1,[0],0.9941520690917969
mmix_nl_10,1,[0, 2],0.9984375238418579
mmix_nl_20,1,[1],0.8306066393852234
mmix_nl_10,1,[0, 1, 2],0.998242199420929
mmix_nl_20,1,[2],0.995410144329071
mmix_nl_20,1,[0, 1],0.9791418313980103
mmix_nl_20,1,[1, 2],0.9807904362678528
mmix_nl_20,1,[0, 2],0.997851550579071
mmix_nl_05,1,[0],0.9947265982627869
mmix_nl_20,1,[0, 1, 2],0.9987419247627258
mmix_nl_05,1,[1],0.8496323823928833
mmix_nl_05,1,[2],0.9957031607627869
mmix_nl_05,1,[0, 1],0.9866556525230408
mmix_nl_05,1,[1, 2],0.9862764477729797
mmix_nl_05,1,[0, 2],0.9979492425918579
mmix_nl_05,1,[0, 1, 2],0.999218761920929
gmc_nl,1,[0],0.997265636920929
gmc_nl,1,[1],0.8915153741836548
gmc_nl,1,[2],0.9984375238418579
gmc_nl,1,[0, 1],0.9893900156021118
mmix_nl_01,2,[0],0.9945312738418579
mmix_nl_01,2,[1],0.8708581924438477
gmc_nl,1,[0, 2],0.9991211295127869
gmc_nl,1,[0, 1, 2],0.99951171875
mmix_nl_01,2,[2],0.9966797232627869
mmix_nl_01,2,[0, 1],0.985236644744873
mmix_nl_01,2,[1, 2],0.9862764477729797
mmix_nl_01,2,[0, 2],0.99853515625
mmix_nl_01,2,[0, 1, 2],0.9991211295127869
mmix_nl_10,2,[0],0.9951286315917969
mmix_nl_10,2,[1],0.853969395160675
mmix_nl_10,2,[2],0.996289074420929
mmix_nl_10,2,[0, 1],0.9840763211250305
mmix_nl_10,2,[1, 2],0.9860811233520508
mmix_nl_10,2,[0, 2],0.998339831829071
mmix_nl_20,2,[0],0.995312511920929
mmix_nl_10,2,[0, 1, 2],0.9982536435127258
mmix_nl_20,2,[1],0.8357478976249695
mmix_nl_20,2,[2],0.9959098696708679
mmix_nl_20,2,[0, 1],0.9827494025230408
mmix_nl_20,2,[1, 2],0.9832491278648376
mmix_nl_20,2,[0, 2],0.9981445670127869
mmix_nl_05,2,[0],0.9948356747627258
mmix_nl_20,2,[0, 1, 2],0.99853515625
mmix_nl_05,2,[1],0.8592716455459595
mmix_nl_05,2,[2],0.996777355670929
mmix_nl_05,2,[0, 1],0.9850298762321472
mmix_nl_05,2,[1, 2],0.9872300028800964
mmix_nl_05,2,[0, 2],0.998730480670929
mmix_nl_05,2,[0, 1, 2],0.998828113079071
gmc_nl,2,[0],0.9964843988418579
gmc_nl,2,[1],0.8859260678291321
mmix_nl_01,3,[0],0.9963005185127258
gmc_nl,2,[2],0.998339831829071
mmix_nl_01,3,[1],0.8735811114311218
gmc_nl,2,[0, 1],0.9903665781021118
mmix_nl_01,3,[2],0.9964843988418579
gmc_nl,2,[0, 2],0.999218761920929
mmix_nl_01,3,[0, 1],0.9876206517219543
gmc_nl,2,[0, 1, 2],0.999707043170929
mmix_nl_01,3,[1, 2],0.9903435111045837
mmix_nl_01,3,[0, 2],0.9984375238418579
mmix_nl_01,3,[0, 1, 2],0.99951171875
mmix_nl_10,3,[0],0.994824230670929
mmix_nl_10,3,[1],0.8445599675178528
mmix_nl_10,3,[2],0.9959098696708679
mmix_nl_10,3,[0, 1],0.9845300912857056
mmix_nl_10,3,[1, 2],0.986362636089325
mmix_nl_10,3,[0, 2],0.998046875
mmix_nl_20,3,[0],0.9946403503417969
mmix_nl_10,3,[0, 1, 2],0.999218761920929
mmix_nl_20,3,[1],0.8450482487678528
mmix_nl_20,3,[2],0.9959961175918579
mmix_nl_20,3,[0, 1],0.9849322438240051
mmix_nl_20,3,[1, 2],0.9864832162857056
mmix_nl_20,3,[0, 2],0.9984375238418579
mmix_nl_20,3,[0, 1, 2],0.998730480670929
mmix_nl_05,3,[0],0.99560546875
mmix_nl_05,3,[1],0.85791015625
mmix_nl_05,3,[2],0.996289074420929
mmix_nl_05,3,[0, 1],0.9808191657066345
mmix_nl_05,3,[1, 2],0.9825884699821472
mmix_nl_05,3,[0, 2],0.998242199420929
mmix_nl_05,3,[0, 1, 2],0.9984375238418579
mmix_nl_01,4,[0],0.996777355670929
mmix_nl_01,4,[1],0.8723689913749695
mmix_nl_01,4,[2],0.996289074420929
gmc_nl,3,[0],0.996874988079071
mmix_nl_01,4,[0, 1],0.9895737767219543
gmc_nl,3,[1],0.8768267631530762
mmix_nl_01,4,[1, 2],0.9905503392219543
gmc_nl,3,[2],0.996874988079071
mmix_nl_01,4,[0, 2],0.998730480670929
gmc_nl,3,[0, 1],0.9886202216148376
mmix_nl_01,4,[0, 1, 2],0.999804675579071
gmc_nl,3,[0, 2],0.9986328482627869
gmc_nl,3,[0, 1, 2],0.999218761920929
mmix_nl_10,4,[0],0.9951286315917969
mmix_nl_10,4,[1],0.8513212203979492
mmix_nl_10,4,[2],0.9958122372627258
mmix_nl_10,4,[0, 1],0.9839326739311218
mmix_nl_10,4,[1, 2],0.9866556525230408
mmix_nl_10,4,[0, 2],0.9979492425918579
mmix_nl_10,4,[0, 1, 2],0.9988395571708679
mmix_nl_20,4,[0],0.9960190653800964
mmix_nl_20,4,[1],0.8389188647270203
mmix_nl_20,4,[2],0.9966911673545837
mmix_nl_20,4,[0, 1],0.9854837656021118
mmix_nl_20,4,[1, 2],0.9869255423545837
mmix_nl_20,4,[0, 2],0.998730480670929
mmix_nl_20,4,[0, 1, 2],0.9992302060127258
mmix_nl_05,4,[0],0.9956169128417969
mmix_nl_05,4,[1],0.8590647578239441
mmix_nl_05,4,[2],0.9971680045127869
mmix_nl_05,4,[0, 1],0.9844956398010254
mmix_nl_05,4,[1, 2],0.9852768778800964
mmix_nl_05,4,[0, 2],0.9984375238418579
mmix_nl_05,4,[0, 1, 2],0.9990348815917969
gmc_nl,4,[0],0.997363269329071
gmc_nl,4,[1],0.8892923593521118
gmc_nl,4,[2],0.998339831829071
gmc_nl,4,[0, 1],0.9884248971939087
gmc_nl,4,[0, 2],0.999218761920929
gmc_nl,4,[0, 1, 2],0.999804675579071
